0.433333 -0.061380 2.085785 0.664246 0.042288 0.046992 0.050050 0.996744
0.466667 -0.076961 2.293541 0.680145 0.040778 0.049925 0.054816 0.996414
0.500000 -0.093982 2.500874 0.685187 0.039630 0.053042 0.059864 0.996008
0.533333 -0.115375 2.707490 0.679535 0.038463 0.054325 0.065414 0.995636
0.566667 -0.135732 2.913997 0.662902 0.037470 0.057199 0.070630 0.995156
0.600000 -0.158373 3.120155 0.635650 0.035738 0.059868 0.075692 0.994691
0.633333 -0.182348 3.325926 0.597913 0.034235 0.062621 0.080766 0.994175
0.666667 -0.208316 3.531197 0.550276 0.032846 0.065161 0.085790 0.993637
0.700000 -0.234958 3.736271 0.493470 0.031229 0.067773 0.091101 0.993042
0.733334 -0.263728 3.940795 0.427757 0.029342 0.070224 0.096279 0.992440
0.766667 -0.294152 4.144890 0.354061 0.027850 0.072654 0.101408 0.991798
0.800000 -0.325643 4.348762 0.273167 0.025997 0.075022 0.106625 0.991124
0.833334 -0.358877 4.552113 0.185957 0.024375 0.077297 0.111812 0.990419
0.866667 -0.393747 4.754811 0.093198 0.022405 0.079418 0.116907 0.989709
0.900000 -0.430460 4.957038 -0.004306 0.020327 0.081375 0.122274 0.988946
0.933334 -0.468365 5.158771 -0.105296 0.018287 0.083296 0.127417 0.988176
0.966667 -0.507979 5.359485 -0.208353 0.016533 0.085198 0.132680 0.987352
1.000000 -0.549265 5.559506 -0.312536 0.014479 0.086893 0.137909 0.986520
1.033330 -0.591969 5.758066 -0.416389 0.012395 0.088503 0.143126 0.985661
1.066670 -0.636304 5.956907 -0.519503 0.010232 0.089971 0.148363 0.984779
1.100000 -0.681712 6.155219 -0.620268 0.008110 0.091485 0.153530 0.983866
1.133330 -0.729611 6.352758 -0.717724 0.005944 0.092653 0.158816 0.982933
1.166670 -0.779082 6.549788 -0.810803 0.003640 0.093725 0.164107 0.981973
1.200000 -0.830028 6.746166 -0.898310 0.001469 0.094775 0.169359 0.980986
1.233330 -0.882862 6.941494 -0.979505 -0.000961 0.095442 0.174627 0.979998
1.266670 -0.937449 7.136350 -1.053289 -0.003012 0.096072 0.179935 0.978971
1.300000 -0.993527 7.330226 -1.118669 -0.005196 0.096854 0.185074 0.977926
1.333330 -1.049354 7.523107 -1.175391 -0.007615 0.097405 0.190348 0.976843
1.366670 -1.108356 7.715482 -1.222624 -0.009819 0.097793 0.195656 0.975735
1.400000 -1.169047 7.907154 -1.259807 -0.011987 0.098063 0.200939 0.974609
1.433330 -1.230949 8.097719 -1.286438 -0.014019 0.098165 0.206210 0.973470
1.466670 -1.294210 8.287008 -1.301895 -0.016132 0.098076 0.211467 0.972318
1.500000 -1.358688 8.475517 -1.306104 -0.018387 0.097923 0.216730 0.971134
1.533330 -1.424225 8.664144 -1.300355 -0.020582 0.097415 0.222102 0.969926
1.566670 -1.493168 8.851272 -1.283346 -0.022543 0.096795 0.227418 0.968712
1.600000 -1.560669 9.037292 -1.253849 -0.024451 0.096619 0.232510 0.967474
1.633330 -1.630158 9.223260 -1.216166 -0.026667 0.095992 0.237688 0.966219
1.666670 -1.701923 9.408113 -1.168148 -0.028466 0.095275 0.242923 0.964936
1.700000 -1.774810 9.591797 -1.110540 -0.030574 0.094324 0.248116 0.963642
1.733330 -1.849895 9.774772 -1.044434 -0.032740 0.093152 0.253372 0.962317
1.766670 -1.926327 9.957060 -0.970629 -0.034496 0.091903 0.258558 0.960995
1.800000 -2.003733 10.137715 -0.889146 -0.036417 0.090491 0.263736 0.959650
1.833330 -2.081369 10.317145 -0.801357 -0.038221 0.089137 0.268841 0.958289
1.866670 -2.161575 10.495417 -0.707859 -0.039785 0.087654 0.274037 0.956890
1.900000 -2.242864 10.673818 -0.608559 -0.041636 0.085983 0.279092 0.955500
1.933330 -2.326019 10.850429 -0.507247 -0.042908 0.084330 0.284263 0.954066
1.966670 -2.410614 11.027906 -0.401712 -0.044249 0.082602 0.289394 0.952612
2.000000 -2.497007 11.202125 -0.296607 -0.046013 0.080518 0.294444 0.951158
2.033330 -2.584129 11.374341 -0.191938 -0.047246 0.078530 0.299578 0.949660
2.066670 -2.672769 11.545317 -0.088449 -0.048695 0.076343 0.304680 0.948141
2.100000 -2.762547 11.714827 0.012585 -0.049979 0.074117 0.309702 0.946622
2.133330 -2.853636 11.883237 0.110166 -0.050944 0.071889 0.314771 0.945069
2.166670 -2.946109 12.050020 0.203564 -0.052043 0.069489 0.319790 0.943503
2.200000 -3.040383 12.215371 0.291323 -0.053188 0.066948 0.324783 0.941916
2.233330 -3.136174 12.379430 0.372910 -0.053886 0.064379 0.329845 0.940294
2.266670 -3.232879 12.542122 0.447051 -0.054986 0.061585 0.334801 0.938665
2.300000 -3.331441 12.703323 0.513117 -0.055823 0.058719 0.339799 0.937002
2.333330 -3.431201 12.862932 0.570201 -0.056568 0.055846 0.344735 0.935328
2.366670 -3.531835 13.021418 0.617629 -0.057042 0.052990 0.349657 0.933637
2.400000 -3.634042 13.178271 0.655133 -0.057693 0.049937 0.354592 0.931902
2.433330 -3.737864 13.333106 0.682962 -0.057837 0.046963 0.359551 0.930146
2.466670 -3.842494 13.487045 0.699125 -0.058178 0.043895 0.364389 0.928391
2.500000 -3.948562 13.637218 0.707001 -0.058064 0.040800 0.369363 0.926572
2.533330 -4.054820 13.786350 0.704139 -0.058044 0.037717 0.374197 0.924762
2.566670 -4.162856 13.935974 0.687683 -0.058305 0.034396 0.378976 0.922927
2.600000 -4.271950 14.084119 0.660590 -0.058247 0.031067 0.383753 0.921073
2.633330 -4.382443 14.230543 0.623055 -0.058159 0.027836 0.388543 0.919172
2.666670 -4.494029 14.375477 0.575760 -0.057803 0.024529 0.393316 0.917257
2.700000 -4.606610 14.518927 0.518978 -0.057415 0.021134 0.398049 0.915322
2.733330 -4.720721 14.660228 0.453383 -0.057190 0.017692 0.402763 0.913345
2.766670 -4.836013 14.799758 0.379954 -0.056627 0.014281 0.407467 0.911351
2.800000 -4.953143 14.937115 0.299032 -0.056041 0.010797 0.412162 0.909321
2.833330 -5.070553 15.073342 0.211743 -0.055158 0.007419 0.416835 0.907277
2.866670 -5.190118 15.207571 0.118784 -0.054078 0.004074 0.421562 0.905176
2.900000 -5.309761 15.340387 0.022148 -0.052824 0.000786 0.426228 0.903072
2.933330 -5.431281 15.472012 -0.077218 -0.051944 -0.002680 0.430836 0.900930
2.966670 -5.553078 15.601936 -0.180271 -0.050924 -0.006104 0.435464 0.898744
3.000000 -5.676024 15.729993 -0.284504 -0.049671 -0.009439 0.440046 0.896551
3.033330 -5.800331 15.857361 -0.388094 -0.048508 -0.012841 0.444597 0.894324
3.066670 -5.926343 15.981291 -0.488099 -0.047006 -0.016164 0.449075 0.892110
3.100000 -6.052394 16.103897 -0.588719 -0.045506 -0.019407 0.453620 0.889821
3.133330 -6.178951 16.226108 -0.686176 -0.043814 -0.022452 0.458180 0.887495
3.166670 -6.308045 16.346290 -0.778967 -0.042071 -0.025575 0.462707 0.885143
3.200000 -6.436603 16.465314 -0.866935 -0.040354 -0.028568 0.467265 0.882734
3.233330 -6.566396 16.580653 -0.947948 -0.038544 -0.031679 0.471738 0.880326
3.266660 -6.696364 16.695290 -1.022101 -0.036677 -0.034607 0.476249 0.877864
3.300000 -6.828809 16.808198 -1.088843 -0.034631 -0.037615 0.480710 0.875388
3.333330 -6.960765 16.917868 -1.145919 -0.032855 -0.040562 0.485165 0.872863
3.366660 -7.094192 17.025543 -1.194124 -0.030735 -0.043435 0.489572 0.870338
3.400000 -7.228175 17.131184 -1.232061 -0.028499 -0.046147 0.493959 0.867792
3.433330 -7.362996 17.234630 -1.260151 -0.026272 -0.048919 0.498334 0.865205
3.466660 -7.498371 17.336250 -1.277172 -0.024000 -0.051543 0.502687 0.862597
3.500000 -7.634530 17.436091 -1.283325 -0.021690 -0.054066 0.507058 0.859941
3.533330 -7.771874 17.533110 -1.278914 -0.019481 -0.056704 0.511359 0.857273
3.566660 -7.909652 17.628754 -1.263506 -0.016990 -0.059049 0.515695 0.854566
3.600000 -8.048411 17.722171 -1.237365 -0.014560 -0.061387 0.520008 0.851828
3.633330 -8.188475 17.812875 -1.200825 -0.011987 -0.063707 0.524315 0.849053
3.666660 -8.328124 17.902933 -1.154103 -0.009319 -0.065827 0.528617 0.846253
3.700000 -8.469289 17.989856 -1.097524 -0.006678 -0.067603 0.532916 0.843437
3.733330 -8.609789 18.075271 -1.031497 -0.004086 -0.069458 0.537176 0.840596
3.766660 -8.751542 18.158207 -0.957731 -0.001445 -0.071285 0.541448 0.837705
3.800000 -8.894179 18.239766 -0.877410 0.001070 -0.073163 0.545741 0.834753
3.833330 -9.037915 18.319141 -0.790121 0.003808 -0.074647 0.550029 0.831794
3.866660 -9.181059 18.397213 -0.696273 0.006508 -0.076192 0.554247 0.828832
3.900000 -9.326154 18.472176 -0.598862 0.009159 -0.077583 0.558529 0.825798
3.933330 -9.471708 18.545503 -0.497809 0.011830 -0.078847 0.562761 0.822765
3.966660 -9.617814 18.617249 -0.396031 0.014500 -0.080094 0.567006 0.819682
4.000000 -9.764722 18.687017 -0.292006 0.017004 -0.081291 0.571239 0.816571
4.033330 -9.912724 18.754200 -0.187604 0.019582 -0.082308 0.575467 0.813437
4.066660 -10.061043 18.819704 -0.084177 0.022231 -0.083040 0.579714 0.810272
4.100000 -10.209176 18.885443 0.017030 0.024858 -0.083857 0.583917 0.807088
4.133330 -10.358724 18.946223 0.114738 0.027546 -0.084389 0.588131 0.803879
4.166660 -10.507485 19.006843 0.206849 0.030113 -0.084844 0.592295 0.800676
4.200000 -10.658019 19.062920 0.294821 0.032652 -0.085157 0.596489 0.797422
4.233330 -10.808597 19.117005 0.376238 0.035280 -0.085231 0.600673 0.794156
4.266660 -10.958753 19.170944 0.449722 0.037697 -0.085542 0.604832 0.790848
4.300000 -11.110292 19.222004 0.514620 0.040019 -0.085609 0.609002 0.787519
4.333330 -11.260616 19.273439 0.571568 0.042624 -0.085331 0.613152 0.784185
4.366660 -11.412943 19.319718 0.618808 0.044845 -0.085166 0.617283 0.780831
4.400000 -11.565497 19.363504 0.656249 0.047365 -0.084540 0.621429 0.777455
4.433330 -11.718235 19.406259 0.682958 0.049424 -0.084284 0.625546 0.774045
4.466660 -11.871483 19.445831 0.699332 0.051580 -0.083717 0.629673 0.770612
4.500000 -12.025011 19.485627 0.703756 0.053835 -0.082875 0.633774 0.767179
4.533330 -12.178774 19.521546 0.697949 0.055618 -0.082251 0.637883 0.763706
4.566660 -12.331704 19.557352 0.681507 0.057952 -0.081116 0.641981 0.760212
4.600000 -12.485905 19.590628 0.653872 0.059807 -0.080019 0.646009 0.756765
4.633330 -12.639969 19.620726 0.616479 0.061640 -0.078833 0.650145 0.753191
4.666660 -12.794408 19.648248 0.569190 0.063357 -0.077542 0.654118 0.749735
4.700000 -12.949210 19.673375 0.512322 0.065297 -0.076004 0.658164 0.746177
4.733330 -13.104282 19.695617 0.446398 0.066600 -0.074914 0.662180 0.742610
4.766660 -13.258289 19.720584 0.371347 0.068321 -0.073141 0.666190 0.739035
4.800000 -13.413075 19.739803 0.289858 0.069748 -0.071286 0.670165 0.735481
4.833330 -13.567548 19.757481 0.201900 0.071083 -0.069605 0.674139 0.731874
4.866660 -13.722625 19.772189 0.108324 0.072164 -0.067904 0.678114 0.728246
4.900000 -13.878592 19.783442 0.010154 0.073198 -0.066033 0.682032 0.724647
4.933330 -14.033857 19.794966 -0.091714 0.074494 -0.063913 0.685928 0.721019
4.966660 -14.189286 19.804396 -0.196473 0.075377 -0.061772 0.689841 0.717372
5.000000 -14.345941 19.813563 -0.304661 0.076006 -0.059630 0.693722 0.713735
5.033330 -14.502844 19.818755 -0.412134 0.076687 -0.057385 0.697596 0.710060
5.066660 -14.658184 19.820445 -0.516295 0.077160 -0.055009 0.701425 0.706416
5.100000 -14.813327 19.820729 -0.618135 0.077845 -0.052514 0.705232 0.702731
5.133330 -14.968558 19.818520 -0.716541 0.078266 -0.050140 0.709022 0.699034
5.166660 -15.124016 19.813912 -0.810837 0.078473 -0.047776 0.712787 0.695337
5.200000 -15.282968 19.808862 -0.903210 0.078167 -0.045601 0.716621 0.691567
5.233330 -15.439741 19.800117 -0.985635 0.078419 -0.042889 0.720358 0.687820
5.266660 -15.595035 19.790079 -1.060246 0.078494 -0.040058 0.724068 0.684076
5.300000 -15.751453 19.776530 -1.127625 0.078127 -0.037659 0.727755 0.680331
5.333330 -15.909224 19.761426 -1.187387 0.077966 -0.034912 0.731428 0.676547
5.366660 -16.067572 19.744916 -1.239211 0.077353 -0.032457 0.735107 0.672742
5.400000 -16.223386 19.724808 -1.277535 0.076860 -0.029692 0.738713 0.668964
5.433330 -16.378845 19.703342 -1.305522 0.076214 -0.026901 0.742301 0.665174
5.466660 -16.534071 19.678939 -1.322776 0.075659 -0.023982 0.745854 0.661364
5.500000 -16.689164 19.651591 -1.329569 0.074848 -0.021125 0.749405 0.657528
5.533330 -16.844158 19.623370 -1.325522 0.073642 -0.018481 0.752936 0.653699
5.566660 -16.999466 19.592516 -1.310391 0.072776 -0.015523 0.756403 0.649859
5.600000 -17.153935 19.559190 -1.284072 0.071648 -0.012671 0.759837 0.646029
5.633330 -17.308224 19.523505 -1.247586 0.070168 -0.010012 0.763291 0.642155
5.666660 -17.462053 19.486499 -1.201046 0.068965 -0.006971 0.766661 0.638300
5.700000 -17.615574 19.446958 -1.144843 0.067501 -0.004099 0.770033 0.634410
5.733330 -17.769075 19.403459 -1.079291 0.065651 -0.001500 0.773401 0.630506
5.766660 -17.922413 19.359818 -1.006112 0.063905 0.001311 0.776725 0.626588
5.800000 -18.076580 19.313069 -0.924739 0.062375 0.004239 0.779995 0.622655
5.833330 -18.229982 19.262413 -0.836368 0.060392 0.006837 0.783292 0.618675
5.866660 -18.386865 19.211380 -0.742917 0.058689 0.009565 0.786567 0.614635
5.900000 -18.540263 19.157441 -0.644792 0.056611 0.012181 0.789784 0.610646
5.933330 -18.696550 19.102228 -0.544272 0.054603 0.014763 0.793015 0.606571
5.966660 -18.848888 19.044423 -0.441172 0.052299 0.017298 0.796179 0.602549
6.000000 -19.000754 18.985307 -0.337535 0.049968 0.019859 0.799285 0.598542
6.033330 -19.151221 18.923907 -0.233804 0.047658 0.022483 0.802364 0.594504
6.066660 -19.301350 18.860819 -0.131406 0.045138 0.024956 0.805396 0.590489
6.100000 -19.451193 18.795738 -0.031565 0.042494 0.027394 0.808432 0.586414
6.133330 -19.600842 18.728799 0.064741 0.039811 0.029744 0.811420 0.582348
6.166660 -19.750714 18.660047 0.155950 0.037205 0.032264 0.814390 0.578225
6.200000 -19.900364 18.588688 0.242044 0.034100 0.034223 0.817334 0.574135
6.233330 -20.049292 18.516000 0.321549 0.031322 0.036513 0.820257 0.569968
6.266660 -20.196123 18.440178 0.394641 0.028460 0.038701 0.823103 0.565857
6.300000 -20.343529 18.364316 0.459407 0.025530 0.040809 0.825992 0.561623
6.333330 -20.490138 18.285613 0.515498 0.022495 0.042772 0.828802 0.557451
6.366660 -20.636109 18.204782 0.562142 0.019198 0.044465 0.831587 0.553279
6.400000 -20.781841 18.121797 0.598716 0.016170 0.046306 0.834368 0.549022
6.433330 -20.926682 18.036960 0.625002 0.013027 0.048010 0.837117 0.544758
6.466660 -21.070559 17.949785 0.640758 0.010006 0.049753 0.839848 0.540443
6.500000 -21.214184 17.860990 0.645586 0.006734 0.051202 0.842539 0.536154
6.533330 -21.357260 17.770014 0.639520 0.003670 0.052767 0.845219 0.531796
6.566660 -21.499011 17.676716 0.622586 0.000255 0.053888 0.847859 0.527476
6.600000 -21.640610 17.581952 0.595085 -0.002981 0.055138 0.850486 0.523091
6.633330 -21.782390 17.484443 0.558219 -0.006083 0.056354 0.853101 0.518658
6.666660 -21.922725 17.385880 0.510282 -0.009311 0.057433 0.855681 0.514222
6.700000 -22.061205 17.283788 0.453017 -0.012513 0.058417 0.858233 0.509771
6.733330 -22.200132 17.182337 0.386744 -0.015819 0.059280 0.860781 0.505264
6.766660 -22.337304 17.076963 0.313036 -0.019034 0.060023 0.863268 0.500803
6.799990 -22.474155 16.970778 0.231378 -0.022265 0.060680 0.865734 0.496313
6.833330 -22.610391 16.862690 0.143126 -0.025694 0.060987 0.868194 0.491792
6.866660 -22.745534 16.752163 0.049373 -0.028904 0.061421 0.870607 0.487274
6.899990 -22.878213 16.637945 -0.048698 -0.031936 0.061837 0.873041 0.482654
6.933330 -23.011084 16.523526 -0.150445 -0.035195 0.061909 0.875400 0.478125
6.966660 -23.143389 16.407996 -0.254524 -0.038282 0.062166 0.877761 0.473503
6.999990 -23.275426 16.291905 -0.359625 -0.041388 0.062249 0.880120 0.468828
7.033330 -23.405800 16.172809 -0.464891 -0.044461 0.062153 0.882437 0.464183
7.066660 -23.533713 16.050521 -0.566844 -0.047413 0.062031 0.884739 0.459500
7.099990 -23.662471 15.927524 -0.668739 -0.050302 0.061870 0.887012 0.454810
7.133330 -23.787860 15.799726 -0.767215 -0.053048 0.061495 0.889291 0.450073
7.166660 -23.914164 15.673308 -0.860982 -0.055788 0.061243 0.891532 0.445318
7.199990 -24.039495 15.545357 -0.949355 -0.058636 0.060625 0.893740 0.440585
7.233330 -24.163598 15.415042 -1.030776 -0.061255 0.060062 0.895963 0.435765
7.266660 -24.287153 15.283186 -1.105457 -0.063904 0.059301 0.898144 0.430972
7.299990 -24.409938 15.149184 -1.171747 -0.066524 0.058399 0.900314 0.426143
7.333330 -24.529876 15.011614 -1.229669 -0.068714 0.057745 0.902465 0.421309
7.366660 -24.649950 14.874887 -1.277486 -0.071131 0.056727 0.904602 0.416435
7.399990 -24.769083 14.736419 -1.315749 -0.073488 0.055564 0.906702 0.411586
7.433330 -24.887387 14.595701 -1.343338 -0.075719 0.054347 0.908795 0.406699
7.466660 -25.004658 14.453455 -1.360576 -0.077855 0.053033 0.910866 0.401808
7.499990 -25.121458 14.309573 -1.366587 -0.079949 0.051586 0.912929 0.396873
7.533330 -25.235617 14.163308 -1.358012 -0.081492 0.050571 0.914979 0.391939
7.566660 -25.348068 14.015567 -1.342441 -0.083386 0.048880 0.916988 0.387028
7.599990 -25.460821 13.867364 -1.315854 -0.085164 0.047232 0.918991 0.382063
7.633330 -25.572630 13.717184 -1.278649 -0.086859 0.045470 0.920970 0.377098
7.666660 -25.680837 13.565616 -1.227521 -0.087941 0.044272 0.922951 0.372114
7.699990 -25.789178 13.413254 -1.170293 -0.089425 0.042375 0.924888 0.367137
7.733330 -25.897450 13.258529 -1.104852 -0.090704 0.040461 0.926824 0.362123
7.766660 -26.003748 13.101877 -1.031476 -0.091757 0.038669 0.928745 0.357098
7.799990 -26.109215 12.944479 -0.950481 -0.092704 0.036797 0.930641 0.352079
7.833330 -26.213469 12.785222 -0.861801 -0.093755 0.034571 0.932508 0.347050
7.866660 -26.316864 12.624552 -0.769265 -0.094528 0.032513 0.934360 0.342022
7.899990 -26.417844 12.461918 -0.671961 -0.094980 0.030592 0.936194 0.337022
7.933330 -26.518515 12.299492 -0.568668 -0.095490 0.028516 0.938037 0.331895
7.966660 -26.617505 12.135082 -0.465436 -0.095877 0.026367 0.939831 0.326848
7.999990 -26.715542 11.969168 -0.361383 -0.096142 0.024216 0.941615 0.321764
8.033330 -26.812850 11.801891 -0.256722 -0.096380 0.021719 0.943355 0.316734
8.066660 -26.908434 11.633057 -0.153579 -0.096360 0.019540 0.945092 0.311664
8.099990 -27.002571 11.463574 -0.052063 -0.096100 0.017498 0.946833 0.306539
8.133330 -27.095550 11.292367 0.045595 -0.095941 0.015134 0.948517 0.301467
8.166660 -27.188443 11.120209 0.139226 -0.095408 0.013079 0.950208 0.296365
8.200000 -27.278931 10.946256 0.226980 -0.095091 0.010443 0.951822 0.291348
8.233330 -27.368204 10.771190 0.308157 -0.094460 0.008080 0.953472 0.286186
8.266660 -27.455774 10.594702 0.381961 -0.093737 0.005703 0.955068 0.281115
8.300000 -27.542462 10.417151 0.447643 -0.092839 0.003416 0.956663 0.275980
8.333330 -27.627739 10.238499 0.504465 -0.091856 0.001111 0.958223 0.270868
8.366660 -27.712141 10.058752 0.551535 -0.090689 -0.001239 0.959753 0.265798
8.400000 -27.794560 9.878671 0.588544 -0.089498 -0.003523 0.961257 0.260696
8.433330 -27.875537 9.696695 0.615286 -0.088105 -0.005735 0.962736 0.255626
8.466670 -27.955186 9.513592 0.631276 -0.086799 -0.008365 0.964179 0.250510
8.500000 -28.033197 9.329980 0.636312 -0.085182 -0.010493 0.965602 0.245453
8.533330 -28.110307 9.145339 0.630281 -0.083334 -0.012411 0.967026 0.240337
8.566670 -28.185152 8.959269 0.613587 -0.081560 -0.014756 0.968392 0.235261
8.600000 -28.258662 8.773596 0.586443 -0.079760 -0.017108 0.969713 0.230221
8.633340 -28.330692 8.586341 0.548690 -0.077496 -0.018683 0.971072 0.225087
8.666670 -28.402133 8.398988 0.500637 -0.075443 -0.020900 0.972351 0.220014
8.700000 -28.471741 8.209700 0.443241 -0.073162 -0.022764 0.973633 0.214868
8.733340 -28.539765 8.019307 0.376889 -0.070880 -0.024879 0.974858 0.209785
8.766670 -28.606530 7.828163 0.302325 -0.068448 -0.026786 0.976062 0.204696
8.800000 -28.671110 7.635815 0.220310 -0.065914 -0.028805 0.977220 0.199666
8.833340 -28.735292 7.443126 0.131841 -0.063340 -0.030646 0.978358 0.194589
8.866670 -28.797321 7.249470 0.038026 -0.060656 -0.032405 0.979464 0.189530
8.900010 -28.858244 7.055141 -0.060535 -0.057869 -0.034101 0.980550 0.184420
8.933340 -28.916969 6.860691 -0.162261 -0.055047 -0.035858 0.981574 0.179436
8.966670 -28.974288 6.665264 -0.266475 -0.052013 -0.037146 0.982601 0.174387
9.000010 -29.030352 6.468903 -0.371926 -0.049068 -0.038694 0.983578 0.169323
9.033340 -29.085409 6.270925 -0.477064 -0.045840 -0.039944 0.984549 0.164217
9.066670 -29.138134 6.073123 -0.581360 -0.042816 -0.041717 0.985436 0.159193
9.100010 -29.187337 5.873949 -0.682797 -0.039501 -0.042702 0.986314 0.154272
9.133340 -29.236574 5.674512 -0.781557 -0.036321 -0.044017 0.987145 0.149291
9.166680 -29.283972 5.473386 -0.873572 -0.032776 -0.044838 0.987974 0.144298
9.200010 -29.330786 5.272317 -0.961612 -0.029437 -0.045810 0.988752 0.139297
9.233340 -29.373531 5.070258 -1.042632 -0.025991 -0.046907 0.989482 0.134346
9.266680 -29.415892 4.867768 -1.117352 -0.022637 -0.047829 0.990181 0.129391
9.300010 -29.459181 4.664129 -1.182375 -0.019067 -0.048742 0.990874 0.124217
9.333340 -29.499256 4.460788 -1.239706 -0.015490 -0.049460 0.991522 0.119152
9.366680 -29.537145 4.256502 -1.287296 -0.011930 -0.049890 0.992145 0.114092
9.400010 -29.573839 4.052071 -1.324967 -0.008376 -0.050522 0.992714 0.109069
9.433350 -29.607944 3.847001 -1.352243 -0.004763 -0.050759 0.993262 0.104072
9.466680 -29.640879 3.641832 -1.368784 -0.001140 -0.051105 0.993765 0.099088
9.500010 -29.670694 3.436821 -1.372946 0.002467 -0.051164 0.994242 0.094124
9.533350 -29.700806 3.231111 -1.367520 0.006061 -0.051313 0.994682 0.089091
9.566680 -29.729250 3.025192 -1.351190 0.009623 -0.051378 0.995089 0.084057
9.600010 -29.754638 2.819015 -1.324565 0.013215 -0.051186 0.995466 0.079071
9.633350 -29.779788 2.612699 -1.287465 0.016740 -0.051089 0.995806 0.074030
9.666680 -29.803349 2.405730 -1.240099 0.020247 -0.050744 0.996117 0.069035
9.700020 -29.824333 2.198220 -1.183367 0.023784 -0.050379 0.996393 0.064004
9.733350 -29.844397 1.990756 -1.118073 0.027260 -0.049984 0.996636 0.058945
9.766680 -29.863223 1.783114 -1.044832 0.030645 -0.049509 0.996851 0.053831
9.800020 -29.879778 1.575037 -0.963809 0.034040 -0.048801 0.997035 0.048791
9.833350 -29.895308 1.366889 -0.876326 0.037382 -0.048092 0.997188 0.043652
9.866680 -29.909019 1.158555 -0.783389 0.040667 -0.047227 0.997310 0.038569
9.900020 -29.921403 0.949949 -0.686230 0.043881 -0.046483 0.997394 0.033439
9.933350 -29.932341 0.741117 -0.585796 0.047066 -0.045555 0.997451 0.028306
9.966690 -29.941537 0.532041 -0.483128 0.050170 -0.044327 0.997487 0.023175
10.000000 -29.949448 0.322617 -0.380248 0.053160 -0.043302 0.997483 0.018064
10.033400 -29.956076 0.112414 -0.276705 0.056129 -0.042087 0.997454 0.012817
10.066700 -29.960437 -0.096596 -0.173695 0.059078 -0.040888 0.997386 0.007629
10.100000 -29.962824 -0.306088 -0.073324 0.061884 -0.039609 0.997294 0.002456
10.133400 -29.964312 -0.516024 0.024002 0.064604 -0.038072 0.997180 -0.002827
10.166700 -29.963761 -0.724960 0.116893 0.067224 -0.036553 0.997036 -0.007985
10.200000 -29.961387 -0.933766 0.204454 0.069831 -0.034989 0.996858 -0.013146
10.233400 -29.957549 -1.143283 0.285642 0.072301 -0.033332 0.996656 -0.018397
10.266700 -29.951779 -1.352794 0.358615 0.074677 -0.031644 0.996424 -0.023695
10.300000 -29.944522 -1.564190 0.422844 0.076965 -0.030239 0.996155 -0.028948
10.333400 -29.935398 -1.775978 0.479410 0.079184 -0.028331 0.995867 -0.034302
10.366700 -29.924899 -1.985320 0.526588 0.081257 -0.026566 0.995554 -0.039551
10.400000 -29.912138 -2.194727 0.563261 0.083193 -0.024659 0.995216 -0.044904
10.433400 -29.898153 -2.403902 0.589995 0.085112 -0.022704 0.994848 -0.050172
10.466700 -29.882627 -2.612497 0.605885 0.086824 -0.020786 0.994462 -0.055459
10.500000 -29.865409 -2.820785 0.611306 0.088462 -0.018702 0.994048 -0.060767
10.533400 -29.846072 -3.029173 0.605491 0.089978 -0.016575 0.993611 -0.066086
10.566700 -29.825926 -3.236482 0.588727 0.091352 -0.014373 0.993150 -0.071426
10.600000 -29.804075 -3.443319 0.561397 0.092640 -0.012379 0.992663 -0.076715
10.633400 -29.780101 -3.650328 0.523833 0.093835 -0.010355 0.992149 -0.082031
10.666700 -29.754654 -3.856177 0.476660 0.094850 -0.008028 0.991618 -0.087367
10.700000 -29.727799 -4.061578 0.419770 0.095801 -0.006022 0.991061 -0.092648
10.733400 -29.699205 -4.266652 0.354776 0.096592 -0.003794 0.990489 -0.097918
10.766700 -29.668997 -4.470009 0.281940 0.097257 -0.001509 0.989889 -0.103237
10.800000 -29.637180 -4.673716 0.200496 0.097818 0.000733 0.989269 -0.108526
10.833400 -29.603866 -4.876912 0.113812 0.098211 0.002951 0.988634 -0.113793
10.866700 -29.569162 -5.079417 0.020907 0.098475 0.005188 0.987976 -0.119079
10.900000 -29.532622 -5.281364 -0.076733 0.098676 0.007217 0.987295 -0.124335
10.933400 -29.494705 -5.482995 -0.177401 0.098613 0.009578 0.986595 -0.129666
10.966700 -29.454955 -5.683791 -0.281019 0.098558 0.011665 0.985874 -0.134916
11.000000 -29.413968 -5.884068 -0.385617 0.098242 0.013929 0.985134 -0.140234
11.033400 -29.370563 -6.084258 -0.490570 0.098037 0.015774 0.984356 -0.145543
11.066700 -29.326139 -6.283217 -0.593657 0.097418 0.018053 0.983582 -0.150829
11.100000 -29.280500 -6.481607 -0.694721 0.096732 0.020244 0.982785 -0.156100
11.133400 -29.232440 -6.679847 -0.792671 0.096034 0.022303 0.981953 -0.161393
11.166700 -29.182978 -6.876473 -0.884824 0.095135 0.024456 0.981104 -0.166692
11.200000 -29.132430 -7.072417 -0.972246 0.094145 0.026440 0.980240 -0.171950
11.233400 -29.079393 -7.268424 -1.054135 0.093050 0.028329 0.979346 -0.177256
11.266700 -29.025661 -7.463328 -1.128365 0.091785 0.030221 0.978440 -0.182532
11.300000 -28.970411 -7.657316 -1.194436 0.090262 0.032343 0.977521 -0.187774
11.333400 -28.912565 -7.850629 -1.251945 0.088802 0.034146 0.976559 -0.193084
11.366700 -28.854468 -8.042565 -1.299761 0.087164 0.035887 0.975591 -0.198334
11.400000 -28.794845 -8.233654 -1.337371 0.085454 0.037556 0.974610 -0.203524
11.433400 -28.733301 -8.424492 -1.364715 0.083675 0.039067 0.973594 -0.208775
11.466700 -28.670667 -8.613305 -1.381189 0.081721 0.040731 0.972568 -0.213948
11.500000 -28.606234 -8.801191 -1.386465 0.079619 0.042374 0.971517 -0.219135
11.533400 -28.540730 -8.988148 -1.380340 0.077470 0.043840 0.970444 -0.224310
11.566700 -28.473631 -9.174371 -1.363729 0.075241 0.045191 0.969352 -0.229464
11.600000 -28.405097 -9.359953 -1.336575 0.072933 0.046431 0.968244 -0.234580
11.633400 -28.334801 -9.545297 -1.299003 0.070518 0.047631 0.967103 -0.239732
11.666700 -28.262683 -9.728727 -1.250567 0.067938 0.048993 0.965932 -0.244867
11.700000 -28.190140 -9.911002 -1.193518 0.065380 0.049957 0.964757 -0.249949
11.733400 -28.115573 -10.092841 -1.127579 0.062758 0.050879 0.963548 -0.255045
11.766700 -28.039348 -10.273021 -1.053589 0.059967 0.051811 0.962314 -0.260139
11.800000 -27.961967 -10.452222 -0.972128 0.057057 0.052733 0.961063 -0.265182
11.833400 -27.883004 -10.630733 -0.883909 0.054120 0.053505 0.959784 -0.270226
11.866700 -27.802172 -10.807445 -0.790393 0.051139 0.054119 0.958477 -0.275276
11.900000 -27.720456 -10.983175 -0.692351 0.048065 0.054748 0.957149 -0.280284
11.933400 -27.636617 -11.158136 -0.590813 0.045075 0.055133 0.955789 -0.285298
11.966700 -27.551686 -11.331630 -0.487219 0.041905 0.055489 0.954411 -0.290285
12.000000 -27.465069 -11.503734 -0.382681 0.038684 0.055833 0.952995 -0.295274
12.033400 -27.377295 -11.675303 -0.278042 0.035305 0.056168 0.951551 -0.300248
12.066700 -27.287727 -11.844920 -0.175132 0.031980 0.056329 0.950083 -0.305199
12.100000 -27.197476 -12.013318 -0.074499 0.028672 0.056263 0.948604 -0.310102
12.133400 -27.105085 -12.180976 0.022415 0.025215 0.056283 0.947066 -0.315060
12.166700 -27.011601 -12.348028 0.113956 0.021742 0.056062 0.945528 -0.319939
12.200000 -26.916561 -12.513242 0.199995 0.018354 0.055715 0.943954 -0.324822
12.233400 -26.820699 -12.677339 0.280410 0.014840 0.055379 0.942348 -0.329685
12.266700 -26.722145 -12.840347 0.352392 0.011466 0.054696 0.940725 -0.334536
12.300100 -26.623397 -13.001453 0.417490 0.007941 0.054214 0.939051 -0.339383
12.333400 -26.524141 -13.160528 0.473713 0.004427 0.053516 0.937359 -0.344202
12.366700 -26.422398 -13.317977 0.520258 0.000893 0.052883 0.935627 -0.349006
12.400100 -26.320130 -13.474631 0.557073 -0.002359 0.051752 0.933904 -0.353750
12.433400 -26.217273 -13.629909 0.583315 -0.006007 0.050985 0.932105 -0.358530
12.466700 -26.112756 -13.783257 0.598845 -0.009362 0.049793 0.930305 -0.363270
12.500100 -26.006964 -13.935280 0.603656 -0.012704 0.048603 0.928473 -0.367987
12.533400 -25.900986 -14.085620 0.597493 -0.016032 0.047253 0.926615 -0.372686
12.566700 -25.793105 -14.235003 0.580971 -0.019450 0.046011 0.924713 -0.377374
12.600100 -25.683918 -14.382391 0.553339 -0.022822 0.044676 0.922771 -0.382068
12.633400 -25.573457 -14.528054 0.515634 -0.026187 0.043268 0.920799 -0.386744
12.666700 -25.463705 -14.673424 0.469392 -0.029229 0.041479 0.918857 -0.391315
12.700100 -25.350985 -14.816439 0.412392 -0.032365 0.039773 0.916834 -0.395961
12.733400 -25.238487 -14.957450 0.346205 -0.035710 0.038173 0.914769 -0.400582
12.766700 -25.124720 -15.096790 0.271835 -0.038732 0.036297 0.912701 -0.405165
12.800100 -25.007526 -15.234601 0.190561 -0.041580 0.034404 0.910572 -0.409812
12.833400 -24.889949 -15.372466 0.103732 -0.044650 0.032682 0.908406 -0.414411
12.866700 -24.774148 -15.508292 0.011067 -0.047347 0.030396 0.906278 -0.418921
12.900100 -24.655368 -15.642158 -0.086365 -0.050272 0.028500 0.904039 -0.423526
12.933400 -24.534863 -15.774794 -0.186302 -0.052862 0.026290 0.901811 -0.428078
12.966700 -24.413862 -15.904457 -0.289785 -0.055528 0.024123 0.899536 -0.432632
13.000100 -24.291099 -16.032049 -0.395018 -0.058180 0.021921 0.897217 -0.437192
13.033400 -24.168649 -16.158667 -0.499519 -0.060548 0.019533 0.894896 -0.441717
13.066700 -24.044652 -16.282780 -0.602933 -0.063021 0.017278 0.892517 -0.446255
13.100100 -23.919597 -16.405595 -0.704248 -0.065237 0.014803 0.890123 -0.450783
13.133400 -23.794484 -16.527530 -0.799901 -0.067472 0.012534 0.887710 -0.455260
13.166700 -23.666189 -16.647931 -0.892003 -0.069515 0.010084 0.885243 -0.459794
13.200100 -23.538614 -16.765638 -0.979820 -0.071355 0.007417 0.882769 -0.464298
13.233400 -23.408325 -16.879937 -1.060649 -0.073419 0.005097 0.880223 -0.468818
13.266700 -23.278144 -16.992728 -1.133839 -0.075040 0.002452 0.877678 -0.473333
13.300100 -23.146490 -17.103876 -1.198938 -0.076836 0.000030 0.875069 -0.477860
13.333400 -23.015183 -17.213320 -1.255566 -0.078491 -0.002545 0.872463 -0.482329
13.366700 -22.880019 -17.319014 -1.302380 -0.079941 -0.005017 0.869787 -0.486883
13.400100 -22.745725 -17.424468 -1.339656 -0.081037 -0.007847 0.867155 -0.491339
13.433400 -22.611128 -17.528146 -1.366104 -0.082327 -0.010382 0.864453 -0.495818
13.466700 -22.475581 -17.629945 -1.381531 0.083496 0.012893 -0.861719 0.500303
13.500100 -22.338526 -17.730051 -1.386599 0.084324 0.015654 -0.858965 0.504800
13.533400 -22.201745 -17.827727 -1.380393 0.085311 0.018098 -0.856180 0.509265
13.566700 -22.064637 -17.924079 -1.361862 0.086214 0.020467 -0.853373 0.513715
13.600100 -21.926197 -18.018387 -1.333785 0.086739 0.023109 -0.850573 0.518138
13.633400 -21.787002 -18.110622 -1.295915 0.087177 0.025737 -0.847721 0.522597
13.666700 -21.647589 -18.201032 -1.247971 0.087710 0.028121 -0.844818 0.527067
13.700100 -21.508532 -18.290496 -1.190693 0.087806 0.030781 -0.841971 0.531440
13.733400 -21.368210 -18.376474 -1.124409 0.088064 0.033145 -0.839050 0.535856
13.766700 -21.226647 -18.460821 -1.050034 0.088031 0.035658 -0.836117 0.540265
13.800100 -21.085497 -18.544739 -0.967939 0.088050 0.037905 -0.833161 0.544658
13.833400 -20.942785 -18.625213 -0.879852 0.087676 0.040430 -0.830208 0.549029
13.866700 -20.799573 -18.704050 -0.786451 0.087319 0.042764 -0.827208 0.553420
13.900100 -20.656443 -18.782652 -0.687919 0.086924 0.044950 -0.824206 0.557771
13.933400 -20.512536 -18.857375 -0.586088 0.086346 0.047152 -0.821168 0.562142
13.966700 -20.368266 -18.930545 -0.482693 0.085378 0.049576 -0.818173 0.566433
14.000100 -20.220765 -19.000526 -0.377869 0.084985 0.051311 -0.814971 0.570935
14.033400 -20.073628 -19.069001 -0.273193 0.084086 0.053342 -0.811857 0.575302
14.066700 -19.926029 -19.136268 -0.169617 0.082797 0.055518 -0.808769 0.579617
14.100100 -19.776210 -19.199624 -0.068453 0.081839 0.057173 -0.805522 0.584096
14.133400 -19.624284 -19.263588 0.027618 0.080660 0.059019 -0.802319 0.588468
14.166700 -19.474861 -19.324528 0.120576 0.079391 0.060713 -0.799116 0.592811
14.200100 -19.315946 -19.385085 0.203101 0.077847 0.062569 -0.795795 0.597273
14.233400 -19.163794 -19.442478 0.283653 0.076518 0.063981 -0.792515 0.601640
14.266700 -19.011467 -19.497765 0.357244 0.074842 0.065483 -0.789272 0.605938
14.300100 -18.859259 -19.550840 0.423116 0.073065 0.066912 -0.786026 0.610203
14.333400 -18.706553 -19.600498 0.479916 0.071004 0.068448 -0.782775 0.614440
14.366700 -18.554099 -19.648920 0.527075 0.069321 0.069505 -0.779448 0.618728
14.400100 -18.401102 -19.695649 0.564430 0.067153 0.070748 -0.776171 0.622932
14.433400 -18.247998 -19.739874 0.591359 0.065184 0.071629 -0.772852 0.627152
14.466700 -18.094018 -19.781704 0.607707 0.062841 0.072712 -0.769523 0.631346
14.500100 -17.939448 -19.820883 0.613052 0.060633 0.073532 -0.766187 0.635511
14.533400 -17.785837 -19.858331 0.607593 0.058555 0.074025 -0.762796 0.639714
14.566700 -17.632113 -19.893629 0.591031 0.056160 0.074606 -0.759451 0.643828
14.600100 -17.476949 -19.926930 0.563492 0.053697 0.075124 -0.756081 0.647931
14.633400 -17.321958 -19.958358 0.525454 0.051075 0.075620 -0.752707 0.652001
14.666700 -17.166251 -19.985982 0.477557 0.048664 0.075802 -0.749282 0.656096
14.700100 -17.013995 -20.011131 0.420551 0.045955 0.076009 -0.745913 0.660095
14.733400 -16.858599 -20.035441 0.354107 0.043280 0.076103 -0.742485 0.664116
14.766800 -16.702254 -20.056684 0.279500 0.040482 0.076091 -0.739054 0.668110
14.800100 -16.546469 -20.076942 0.197532 0.037842 0.075841 -0.735613 0.672078
14.833400 -16.392832 -20.093614 0.109745 0.035013 0.075602 -0.732188 0.675988
14.866800 -16.236081 -20.108145 0.015853 0.031982 0.075354 -0.728732 0.679889
14.900100 -16.079856 -20.121566 -0.082347 0.029336 0.074730 -0.725233 0.683807
14.933400 -15.923662 -20.132765 -0.183873 0.026182 0.074351 -0.721753 0.687648
14.966800 -15.766530 -20.140652 -0.288008 0.023602 0.073376 -0.718243 0.691510
15.000100 -15.610201 -20.147862 -0.393126 0.020332 0.072835 -0.714731 0.695299
15.033400 -15.453722 -20.152083 -0.498118 0.017572 0.071748 -0.711251 0.699046
15.066800 -15.298089 -20.155779 -0.602218 0.014200 0.071056 -0.707761 0.702726
15.100100 -15.140662 -20.151790 -0.703474 0.011417 0.069700 -0.704203 0.706477
15.133400 -14.983718 -20.149146 -0.801949 0.008425 0.068478 -0.700597 0.710214
15.166800 -14.826522 -20.142841 -0.895270 0.005495 0.067079 -0.697002 0.713904
15.200100 -14.669684 -20.135408 -0.983255 0.002489 0.065619 -0.693424 0.717531
15.233400 -14.512572 -20.125605 -1.065145 -0.000446 0.064102 -0.689779 0.721177
15.266800 -14.355087 -20.113717 -1.139352 -0.003556 0.062577 -0.686137 0.724768
15.300100 -14.197910 -20.100471 -1.206042 -0.006218 0.060654 -0.682479 0.728358
15.333400 -14.040960 -20.084866 -1.263487 -0.009343 0.058978 -0.678808 0.731884
15.366800 -13.883485 -20.067095 -1.311419 -0.011827 0.056818 -0.675093 0.735447
15.400100 -13.726472 -20.047639 -1.349511 -0.014731 0.054842 -0.671367 0.738946
15.433400 -13.569632 -20.025704 -1.376936 -0.017393 0.052633 -0.667620 0.742436
15.466800 -13.412426 -20.001450 -1.393803 -0.020303 0.050544 -0.663889 0.745845
15.500100 -13.255607 -19.974611 -1.399280 -0.023102 0.048311 -0.660074 0.749289
15.533400 -13.098830 -19.946078 -1.393514 -0.025664 0.045878 -0.656280 0.752684
15.566800 -12.942029 -19.914945 -1.375439 -0.028162 0.043315 -0.652484 0.756039
15.600100 -12.784817 -19.879847 -1.346467 -0.030719 0.040688 -0.648581 0.759436
15.633400 -12.628103 -19.844379 -1.308315 -0.033185 0.038059 -0.644695 0.762770
15.666800 -12.471424 -19.806749 -1.260427 -0.035467 0.035276 -0.640812 0.766067
15.700100 -12.315651 -19.767065 -1.203836 -0.037885 0.032601 -0.636935 0.769296
15.733400 -12.159339 -19.722393 -1.136990 -0.040176 0.029767 -0.632923 0.772598
15.766800 -12.003450 -19.678208 -1.063115 -0.042523 0.026986 -0.628947 0.775815
15.800100 -11.848151 -19.631558 -0.981984 -0.044686 0.024141 -0.624947 0.779014
15.833400 -11.693266 -19.582640 -0.894459 -0.046545 0.021055 -0.620970 0.782168
15.866800 -11.537583 -19.531743 -0.800027 -0.048536 0.018089 -0.616914 0.785324
15.900100 -11.380850 -19.472007 -0.697764 -0.050385 0.014763 -0.612718 0.788556
15.933400 -11.226189 -19.416474 -0.596187 -0.052307 0.011791 -0.608603 0.791661
15.966800 -11.072120 -19.358195 -0.492445 -0.054176 0.008802 -0.604495 0.794716
16.000100 -10.918247 -19.299195 -0.387951 -0.055818 0.005660 -0.600334 0.797779
16.033400 -10.764789 -19.237291 -0.282990 -0.056901 0.002204 -0.596159 0.800845
16.066800 -10.612221 -19.173614 -0.179271 -0.058682 -0.000722 -0.591980 0.803813
16.100100 -10.460093 -19.107402 -0.077537 -0.059866 -0.003994 -0.587784 0.806790
16.133400 -10.308789 -19.031374 0.024066 -0.061167 -0.007368 -0.583403 0.809843
16.166800 -10.157223 -18.961346 0.117926 -0.062417 -0.010474 -0.579068 0.812819
16.200100 -10.006611 -18.888226 0.206543 -0.063432 -0.013742 -0.574825 0.815698
16.233400 -9.855626 -18.812814 0.289598 -0.064312 -0.017021 -0.570487 0.818608
16.266800 -9.705967 -18.735960 0.364415 -0.065043 -0.020288 -0.566149 0.821482
16.300100 -9.557704 -18.657283 0.430642 -0.065878 -0.023397 -0.561784 0.824325
16.333400 -9.410012 -18.576421 0.487995 -0.066601 -0.026464 -0.557400 0.827145
16.366800 -9.263817 -18.479162 0.541608 -0.066990 -0.030082 -0.552712 0.830131
16.400100 -9.114280 -18.391919 0.580881 -0.067585 -0.033139 -0.548193 0.832958
16.433400 -8.968354 -18.304440 0.608368 -0.067919 -0.036173 -0.543730 0.835725
16.466800 -8.822440 -18.214585 0.625083 -0.068107 -0.039220 -0.539229 0.838484
16.500100 -8.677430 -18.123701 0.630782 -0.068254 -0.042180 -0.534686 0.841233
16.533400 -8.538048 -18.017181 0.629799 -0.068174 -0.045527 -0.529875 0.844104
16.566800 -8.394098 -17.922076 0.613648 -0.068656 -0.048137 -0.525182 0.846849
16.600100 -8.251392 -17.824929 0.586880 -0.067788 -0.051388 -0.520630 0.849534
16.633400 -8.109750 -17.724941 0.549646 -0.067751 -0.053874 -0.516050 0.852174
16.666800 -7.974276 -17.610076 0.508003 -0.067050 -0.057119 -0.511129 0.854979
16.700100 -7.834249 -17.505759 0.451608 -0.066719 -0.059667 -0.506495 0.857585
16.733400 -7.694388 -17.400902 0.386249 -0.066200 -0.062155 -0.501712 0.860255
16.766800 -7.554535 -17.294377 0.312611 -0.065624 -0.064655 -0.496969 0.862865
16.800100 -7.414107 -17.190373 0.232356 -0.064343 -0.067181 -0.492371 0.865400
16.833400 -7.277615 -17.080707 0.145997 -0.063222 -0.069643 -0.487632 0.867968
16.866800 -7.151246 -16.973448 0.051846 -0.062193 -0.071809 -0.483046 0.870426
16.900100 -7.017419 -16.876155 -0.049200 -0.060836 -0.073827 -0.478708 0.872747
16.933400 -6.883032 -16.760847 -0.149670 -0.059649 -0.075876 -0.473877 0.875286
16.966800 -6.752502 -16.644038 -0.253915 -0.058479 -0.077807 -0.469162 0.877732
17.000100 -6.622468 -16.543968 -0.362501 -0.056977 -0.079422 -0.464897 0.879953
17.033400 -6.491077 -16.423600 -0.466421 -0.055187 -0.081420 -0.460090 0.882407
17.066700 -6.360760 -16.301565 -0.569104 -0.053798 -0.083015 -0.455262 0.884845
17.100100 -6.232306 -16.191443 -0.674418 -0.052033 -0.084498 -0.450969 0.887006
17.133400 -6.104736 -16.066967 -0.772031 -0.050605 -0.085830 -0.446122 0.889408
17.166700 -5.978210 -15.938732 -0.864725 -0.048954 -0.087209 -0.441365 0.891737
17.200100 -5.852180 -15.819738 -0.956617 -0.046953 -0.088356 -0.436808 0.893973
17.233400 -5.726644 -15.689945 -1.037268 -0.045063 -0.089465 -0.431945 0.896320
17.266700 -5.604367 -15.559052 -1.111926 -0.043257 -0.090471 -0.427099 0.898627
17.300100 -5.483264 -15.426363 -1.179130 -0.041468 -0.091291 -0.422244 0.900920
17.333400 -5.364217 -15.293853 -1.238528 -0.038978 -0.092205 -0.417623 0.903089
17.366700 -5.243866 -15.156748 -1.285935 -0.037140 -0.092790 -0.412700 0.905367
17.400100 -5.124228 -15.016794 -1.323260 -0.035044 -0.093358 -0.407760 0.907628
17.433400 -5.005669 -14.875437 -1.349816 -0.032766 -0.093917 -0.402921 0.909814
17.466700 -4.892812 -14.735753 -1.366832 -0.030796 -0.093996 -0.398006 0.912035
17.500100 -4.776317 -14.591669 -1.372060 -0.028672 -0.094113 -0.393091 0.914221
17.533400 -4.661919 -14.446450 -1.366438 -0.026038 -0.094370 -0.388229 0.916348
17.566700 -4.557401 -14.296187 -1.348742 -0.024063 -0.094248 -0.383372 0.918458
17.600100 -4.445501 -14.147498 -1.320932 -0.021699 -0.094083 -0.378432 0.920580
17.633400 -4.333959 -13.997560 -1.282917 -0.019573 -0.093776 -0.373477 0.922680
17.666700 -4.225812 -13.845811 -1.234450 -0.017069 -0.093288 -0.368621 0.924730
17.700100 -4.120092 -13.694323 -1.175624 -0.014584 -0.092811 -0.363728 0.926755
17.733400 -4.017896 -13.535479 -1.107571 -0.012118 -0.092256 -0.358784 0.928771
17.766700 -3.912433 -13.378332 -1.032931 -0.009654 -0.091507 -0.353871 0.930757
17.800100 -3.806685 -13.220290 -0.950736 -0.007445 -0.090564 -0.348824 0.932773
17.833400 -3.708685 -13.056671 -0.859655 -0.004398 -0.089817 -0.343917 0.934684
17.866700 -3.607679 -12.894204 -0.765687 -0.002620 -0.088426 -0.338980 0.936625
17.900100 -3.506527 -12.730443 -0.666446 -0.000230 -0.087155 -0.333935 0.938558
17.933400 -3.408491 -12.564249 -0.564561 0.002456 -0.085897 -0.328990 0.940415
17.966700 -3.310591 -12.397514 -0.460481 0.004640 -0.084369 -0.324012 0.942272
18.000100 -3.213242 -12.229350 -0.354788 0.007137 -0.082767 -0.318988 0.944111
18.033400 -3.118937 -12.059342 -0.249463 0.009254 -0.080981 -0.314048 0.945902
18.066700 -3.024547 -11.888901 -0.145000 0.011761 -0.079254 -0.309008 0.947679
18.100100 -2.931515 -11.715548 -0.042769 0.013750 -0.077205 -0.304058 0.949420
18.133400 -2.839934 -11.542025 0.055828 0.016406 -0.075289 -0.299052 0.951121
18.166700 -2.749691 -11.367179 0.149630 0.018254 -0.073030 -0.294116 0.952801
18.200100 -2.660651 -11.190832 0.238474 0.020419 -0.070769 -0.289158 0.954444
18.233400 -2.574509 -11.013635 0.321338 0.022685 -0.068453 -0.284180 0.956055
18.266700 -2.489410 -10.835964 0.396711 0.024509 -0.065967 -0.279238 0.957640
18.300100 -2.416366 -10.655354 0.466717 0.026776 -0.063702 -0.274377 0.959136
18.333400 -2.334909 -10.474637 0.524390 0.028236 -0.060902 -0.269523 0.960651
18.366700 -2.252010 -10.294565 0.572652 0.030506 -0.058306 -0.264438 0.962155
18.400100 -2.173226 -10.112056 0.611471 0.032082 -0.055437 -0.259527 0.963609
18.433400 -2.095215 -9.929234 0.639285 0.034253 -0.052716 -0.254560 0.965011
18.466700 -2.019475 -9.747672 0.656518 0.035663 -0.049647 -0.249637 0.966408
18.500100 -1.937387 -9.566082 0.661344 0.037433 -0.046509 -0.244635 0.967776
18.533400 -1.862175 -9.380260 0.656328 0.038831 -0.043231 -0.239669 0.969114
18.566700 -1.790460 -9.192355 0.640344 0.040005 -0.040085 -0.234755 0.970403
18.600100 -1.712707 -9.006835 0.612682 0.041457 -0.036788 -0.229721 0.971677
18.633400 -1.642488 -8.817942 0.575179 0.042832 -0.033534 -0.224758 0.972895
18.666700 -1.573712 -8.628199 0.527728 0.044418 -0.030273 -0.219778 0.974068
18.700100 -1.505577 -8.437503 0.470709 0.045151 -0.026780 -0.214845 0.975236
18.733400 -1.432927 -8.248863 0.404746 0.046462 -0.023310 -0.209812 0.976359
18.766700 -1.367744 -8.056372 0.330944 0.047240 -0.019781 -0.204840 0.977455
18.800100 -1.305063 -7.861766 0.249668 0.048308 -0.016396 -0.199938 0.978480
18.833400 -1.241062 -7.668182 0.162057 0.049178 -0.012856 -0.194805 0.979524
18.866700 -1.179102 -7.473475 0.068951 0.050094 -0.009250 -0.189744 0.980511
18.900100 -1.119915 -7.276858 -0.028831 0.050685 -0.005749 -0.184726 0.981465
18.933400 -1.055521 -7.082926 -0.129708 0.050868 -0.002033 -0.179783 0.982388
18.966700 -0.999239 -6.885423 -0.232913 0.051390 0.001496 -0.174738 0.983272
19.000100 -0.943299 -6.686934 -0.337971 0.051451 0.005157 -0.169746 0.984130
19.033400 -0.888766 -6.488429 -0.442635 0.052122 0.008652 -0.164683 0.984930
19.066700 -0.836731 -6.289213 -0.545806 0.052041 0.012259 -0.159639 0.985727
19.100100 -0.785387 -6.088759 -0.646859 0.052008 0.015794 -0.154494 0.986498
19.133400 -0.736842 -5.887760 -0.744420 0.051959 0.019358 -0.149508 0.987205
19.166700 -0.684243 -5.688666 -0.837716 0.052177 0.022842 -0.144503 0.987864
19.200100 -0.637940 -5.486668 -0.925794 0.051759 0.026396 -0.139419 0.988528
19.233400 -0.593381 -5.284554 -1.006926 0.051586 0.029835 -0.134269 0.989152
19.266700 -0.551295 -5.081785 -1.081062 0.051086 0.033244 -0.129203 0.989743
19.300000 -0.510967 -4.878127 -1.146838 0.050580 0.036526 -0.124384 0.990271
19.333400 -0.471331 -4.673939 -1.204119 0.049991 0.039908 -0.118941 0.990839
19.366700 -0.429889 -4.471216 -1.252208 0.049102 0.043246 -0.113918 0.991333
19.400000 -0.392977 -4.267090 -1.291279 0.048264 0.046462 -0.108753 0.991809
19.433400 -0.357966 -4.061817 -1.319649 0.047460 0.049636 -0.103591 0.992246
19.466700 -0.324235 -3.857441 -1.338003 0.046476 0.052756 -0.098442 0.992656
19.500000 -0.291475 -3.654143 -1.347037 0.044958 0.055917 -0.093351 0.993045
19.533400 -0.258553 -3.449119 -1.343629 0.043952 0.058909 -0.088188 0.993389
19.566700 -0.231158 -3.243943 -1.328487 0.042581 0.061776 -0.083039 0.993718
19.600000 -0.205242 -3.036966 -1.301583 0.041731 0.064529 -0.077993 0.993988
19.633400 -0.180116 -2.830123 -1.264027 0.040377 0.067214 -0.072644 0.994271
19.666700 -0.156900 -2.622721 -1.216897 0.039023 0.069837 -0.067571 0.994502
19.700000 -0.134552 -2.415743 -1.160596 0.037353 0.072376 -0.062265 0.994731
19.733400 -0.114754 -2.207287 -1.095221 0.035712 0.074831 -0.057093 0.994920
19.766700 -0.096475 -1.999318 -1.021869 0.034189 0.077152 -0.051898 0.995080
19.800000 -0.079340 -1.791513 -0.941341 0.032435 0.079353 -0.046585 0.995229
19.833400 -0.065057 -1.583303 -0.854278 0.030702 0.081506 -0.041291 0.995344
19.866700 -0.054817 -1.375379 -0.760727 0.029112 0.083440 -0.036054 0.995435
19.900000 -0.043019 -1.166613 -0.664008 0.026869 0.085313 -0.030829 0.995515
19.933400 -0.032847 -0.957012 -0.563400 0.025021 0.087098 -0.025448 0.995560
19.966700 -0.026204 -0.747789 -0.460199 0.023153 0.088780 -0.020155 0.995578