0.433333 -0.050349 2.085723 0.668417 0.045247 0.050081 0.048593 0.996536
0.466667 -0.033129 2.294916 0.696186 0.044675 0.061519 0.047981 0.995950
0.500000 -0.045120 2.502269 0.711378 0.045903 0.070937 0.054124 0.994953
0.533333 -0.058781 2.708967 0.708204 0.042716 0.074157 0.058895 0.994589
0.566667 -0.082681 2.915155 0.694878 0.042919 0.076778 0.065039 0.993998
0.600000 -0.100561 3.122735 0.677867 0.041384 0.079544 0.069195 0.993565
0.633333 -0.118193 3.329455 0.649718 0.041412 0.082082 0.073656 0.993037
0.666667 -0.143201 3.536830 0.613658 0.042138 0.083887 0.077734 0.992545
0.700000 -0.161675 3.756410 0.585345 0.042638 0.088088 0.081620 0.991847
0.733334 -0.184392 3.968961 0.533615 0.040306 0.090372 0.085840 0.991383
0.766667 -0.209576 4.180227 0.475877 0.041298 0.092357 0.090139 0.990777
0.800000 -0.236809 4.384448 0.403321 0.039514 0.094718 0.095417 0.990133
0.833334 -0.265080 4.587951 0.324582 0.039677 0.096760 0.099972 0.989479
0.866667 -0.293414 4.790710 0.240511 0.038320 0.098526 0.103168 0.989030
0.900000 -0.348645 4.990615 0.151283 0.035488 0.098236 0.112303 0.988169
0.933334 -0.399336 5.189830 0.060031 0.032806 0.093535 0.117756 0.988083
0.966667 -0.434954 5.389549 -0.034184 0.032286 0.095530 0.122773 0.987299
1.000000 -0.481961 5.590166 -0.126433 0.030641 0.094793 0.128470 0.986697
1.033330 -0.520361 5.788314 -0.220911 0.028693 0.095927 0.132544 0.986107
1.066670 -0.560963 5.984791 -0.314372 0.026639 0.097886 0.137565 0.985284
1.100000 -0.602564 6.180121 -0.405317 0.025016 0.099213 0.142110 0.984548
1.133330 -0.646267 6.374211 -0.492783 0.023556 0.099595 0.147161 0.983804
1.166670 -0.695616 6.566646 -0.575742 0.020631 0.101194 0.153984 0.982661
1.200000 -0.748416 6.757503 -0.653002 0.018457 0.102526 0.160184 0.981575
1.233330 -0.801755 6.947098 -0.723684 0.014802 0.102124 0.165634 0.980774
1.266670 -0.853679 7.135503 -0.786731 0.013461 0.103409 0.170693 0.979790
1.300000 -0.905973 7.322618 -0.841486 0.012115 0.104051 0.173925 0.979171
1.333330 -0.961217 7.508281 -0.887246 0.008448 0.104514 0.179633 0.978130
1.366670 -1.018877 7.692005 -0.923297 0.005121 0.105134 0.185805 0.976933
1.400000 -1.093778 7.871910 -0.950334 0.002630 0.105332 0.192746 0.975575
1.433330 -1.151081 8.052944 -0.965722 0.002085 0.104644 0.197598 0.974680
1.466670 -1.206244 8.232691 -0.970356 0.001375 0.104412 0.201357 0.973936
1.500000 -1.273824 8.406369 -0.975910 -0.002099 0.102867 0.208279 0.972643
1.533330 -1.356757 8.578374 -1.005079 -0.007493 0.099642 0.215756 0.971321
1.566670 -1.442775 8.766901 -1.052736 -0.012405 0.098144 0.223330 0.969710
1.600000 -1.520822 9.023230 -1.143897 -0.020095 0.098344 0.228881 0.968266
1.633330 -1.596841 9.206439 -1.101406 -0.023025 0.098086 0.234746 0.966821
1.666670 -1.661250 9.393472 -1.057891 -0.022788 0.097313 0.239892 0.965641
1.700000 -1.740644 9.726400 -1.099196 -0.027267 0.097240 0.245089 0.964226
1.733330 -1.821650 9.914251 -1.033206 -0.030816 0.094996 0.254354 0.961941
1.766670 -1.925879 10.221734 -1.018253 -0.033933 0.091341 0.257131 0.961451
1.800000 -2.004692 10.413031 -0.939208 -0.036697 0.090000 0.261495 0.960299
1.833330 -2.084798 10.603300 -0.853766 -0.039991 0.088731 0.265904 0.959074
1.866670 -2.168171 10.792400 -0.762860 -0.040783 0.086802 0.271698 0.957592
1.900000 -2.251561 10.983008 -0.669805 -0.045022 0.084422 0.277183 0.956041
1.933330 -2.339881 11.172221 -0.568692 -0.044686 0.083042 0.282826 0.954524
1.966670 -2.427239 11.357596 -0.466141 -0.045953 0.081770 0.289365 0.952612
2.000000 -2.516642 11.542167 -0.364151 -0.049689 0.077797 0.294900 0.951059
2.033330 -2.607768 11.725613 -0.262222 -0.052054 0.077071 0.300012 0.949391
2.066670 -2.703410 11.907962 -0.160146 -0.053496 0.074899 0.306698 0.947346
2.100000 -2.795975 12.089681 -0.061796 -0.056058 0.073371 0.309778 0.946315
2.133330 -2.887355 12.271240 0.033006 -0.056028 0.071716 0.314575 0.944860
2.166670 -2.981218 12.451342 0.123390 -0.056131 0.069377 0.319020 0.943537
2.200000 -3.079556 12.629408 0.208266 -0.057680 0.065990 0.324715 0.941742
2.233330 -3.179161 12.806432 0.286623 -0.057112 0.065365 0.329907 0.940014
2.266670 -3.278323 12.982903 0.357496 -0.058061 0.062198 0.334831 0.938429
2.300000 -3.379606 13.158240 0.420033 -0.059136 0.057995 0.340587 0.936558
2.333330 -3.485411 13.331714 0.477194 -0.060316 0.056189 0.344743 0.935071
2.366670 -3.588221 13.504403 0.521659 -0.061484 0.053597 0.347822 0.934006
2.400000 -3.694413 13.675883 0.559784 -0.062319 0.050025 0.354721 0.931551
2.433330 -3.801611 13.841585 0.598989 -0.061032 0.047345 0.359702 0.929864
2.466670 -3.909774 14.008782 0.612106 -0.061107 0.044177 0.363783 0.928427
2.500000 -4.017653 14.175175 0.614141 -0.058827 0.041877 0.369068 0.926593
2.533330 -4.123716 14.310320 0.640835 -0.056142 0.038979 0.373729 0.925016
2.566670 -4.222522 14.436020 0.645868 -0.056380 0.035081 0.377833 0.923489
2.600000 -4.335687 14.594927 0.616893 -0.054735 0.029538 0.381448 0.922296
2.633330 -4.431127 14.709837 0.607375 -0.056307 0.028469 0.386632 0.920073
2.666670 -4.539843 14.848900 0.569288 -0.055625 0.024855 0.391218 0.918279
2.700000 -4.654642 15.002121 0.512084 -0.054887 0.021358 0.396259 0.916248
2.733330 -4.771836 15.153131 0.446074 -0.056343 0.017347 0.400878 0.914233
2.766670 -4.890285 15.302545 0.371913 -0.057058 0.013800 0.405352 0.912274
2.800000 -5.009862 15.450486 0.290157 -0.058688 0.009487 0.410295 0.910013
2.833330 -5.130641 15.596943 0.201849 -0.058827 0.005118 0.414337 0.908206
2.866670 -5.265679 15.723324 0.120259 -0.055278 0.002316 0.420603 0.905556
2.900000 -5.388614 15.844001 0.045093 -0.051696 -0.001495 0.425690 0.903390
2.933330 -5.510033 15.946659 -0.024733 -0.049242 -0.003651 0.428752 0.902072
2.966670 -5.635250 16.084125 -0.125974 -0.048737 -0.008071 0.434797 0.899172
3.000000 -5.762160 16.219501 -0.228443 -0.047510 -0.011674 0.438591 0.897354
3.033330 -5.891729 16.352193 -0.330819 -0.048048 -0.015975 0.442838 0.895171
3.066670 -6.021063 16.484062 -0.431992 -0.048854 -0.020225 0.447567 0.892686
3.100000 -6.152310 16.613350 -0.530808 -0.048934 -0.023878 0.452849 0.889923
3.133330 -6.283869 16.741449 -0.626300 -0.046625 -0.028000 0.456725 0.887944
3.166670 -6.417204 16.867108 -0.717395 -0.044179 -0.030898 0.461565 0.885467
3.200000 -6.551537 16.982637 -0.802624 -0.038832 -0.032786 0.466175 0.883232
3.233330 -6.685689 17.103980 -0.881670 -0.036496 -0.036123 0.470859 0.880713
3.266660 -6.821862 17.223005 -0.953620 -0.033217 -0.039289 0.475694 0.878105
3.300000 -6.941176 17.314638 -1.013783 -0.027533 -0.041030 0.479268 0.876277
3.333330 -7.078010 17.428221 -1.068855 -0.026767 -0.042772 0.484791 0.873173
3.366660 -7.215225 17.540117 -1.114738 -0.024921 -0.046180 0.488884 0.870769
3.400000 -7.353685 17.649614 -1.150606 -0.022336 -0.048134 0.492997 0.868411
3.433330 -7.491518 17.754601 -1.176529 -0.020585 -0.051634 0.497373 0.865754
3.466660 -7.631659 17.859585 -1.191513 -0.018028 -0.053918 0.501372 0.863362
3.500000 -7.768981 17.953855 -1.196964 -0.015643 -0.055769 0.506473 0.860308
3.533330 -7.910679 18.054067 -1.190379 -0.015257 -0.059412 0.510332 0.857787
3.566660 -8.053025 18.152337 -1.172839 -0.013755 -0.062742 0.514772 0.854918
3.600000 -8.184217 18.236809 -1.147927 -0.011527 -0.065690 0.518468 0.852492
3.633330 -8.309670 18.311609 -1.109151 -0.008713 -0.068122 0.521951 0.850206
3.666660 -8.443428 18.387941 -1.059793 -0.004719 -0.070148 0.527683 0.846527
3.700000 -8.585573 18.471235 -1.001243 -0.001682 -0.071288 0.532014 0.843727
3.733330 -8.730294 18.555948 -0.934510 0.001296 -0.072291 0.535801 0.841243
3.766660 -8.873832 18.638517 -0.859307 0.004592 -0.074139 0.539844 0.838481
3.800000 -9.019725 18.718615 -0.776825 0.007002 -0.075521 0.544492 0.835330
3.833330 -9.165531 18.797825 -0.687913 0.010395 -0.076270 0.549492 0.831945
3.866660 -9.313265 18.873690 -0.593543 0.015694 -0.077147 0.553039 0.829427
3.900000 -9.461716 18.947150 -0.494598 0.019596 -0.077130 0.560498 0.824323
3.933330 -9.592340 18.997659 -0.393185 0.020828 -0.079142 0.563413 0.822112
3.966660 -9.732458 19.062515 -0.293476 0.025628 -0.080883 0.567288 0.819137
4.000000 -9.882308 19.128601 -0.187736 0.028860 -0.081820 0.571358 0.816102
4.033330 -10.032497 19.192982 -0.081908 0.030117 -0.082779 0.575123 0.813311
4.066660 -10.182161 19.257026 0.022829 0.031455 -0.082554 0.580186 0.809679
4.100000 -10.332275 19.318585 0.125316 0.033682 -0.085804 0.583921 0.806560
4.133330 -10.483865 19.397942 0.205205 0.033040 -0.088885 0.589002 0.802549
4.166660 -10.637357 19.454899 0.299491 0.036184 -0.089360 0.592644 0.799674
4.200000 -10.790784 19.510390 0.388291 0.038027 -0.089279 0.596632 0.796626
4.233330 -10.944976 19.563366 0.470525 0.040999 -0.087747 0.600524 0.793719
4.266660 -11.099545 19.613786 0.545380 0.044210 -0.090083 0.605008 0.789871
4.300000 -11.249601 19.673663 0.606081 0.044183 -0.091236 0.609268 0.786458
4.333330 -11.404433 19.721165 0.663877 0.046927 -0.090661 0.613379 0.783163
4.366660 -11.560113 19.766151 0.712176 0.048663 -0.091488 0.617580 0.779652
4.400000 -11.715126 19.810680 0.750426 0.051339 -0.089587 0.621661 0.776451
4.433330 -11.865288 19.865819 0.771594 0.052060 -0.090444 0.625678 0.773070
4.466660 -12.022422 19.905037 0.788591 0.053623 -0.090028 0.629948 0.769535
4.500000 -12.179626 19.942425 0.794695 0.056569 -0.089126 0.633846 0.766222
4.533330 -12.337391 19.977484 0.789795 0.056360 -0.089687 0.638526 0.762276
4.566660 -12.495124 20.011014 0.774180 0.058933 -0.088234 0.642907 0.758560
4.600000 -12.652255 20.044180 0.747924 0.061209 -0.086760 0.645835 0.756058
4.633330 -12.810399 20.074045 0.711298 0.063080 -0.085569 0.650801 0.751769
4.666660 -12.968534 20.102319 0.664786 0.064757 -0.084318 0.654687 0.748386
4.700000 -13.127094 20.128329 0.608674 0.067935 -0.082045 0.658899 0.744651
4.733330 -13.285891 20.151747 0.543580 0.068143 -0.082076 0.662759 0.741196
4.766660 -13.444419 20.174126 0.470162 0.071112 -0.080837 0.667764 0.736546
4.800000 -13.602960 20.194888 0.389485 0.072195 -0.077808 0.671667 0.733211
4.833330 -13.752093 20.233075 0.282696 0.073306 -0.075915 0.676147 0.729170
4.866660 -13.914080 20.250277 0.183073 0.073468 -0.075074 0.680153 0.725505
4.900000 -14.079062 20.264988 0.082292 0.073231 -0.074161 0.684131 0.721874
4.933330 -14.239093 20.277017 -0.018821 0.076011 -0.073595 0.686503 0.719388
4.966660 -14.399144 20.287119 -0.122433 0.076920 -0.069918 0.692085 0.714293
5.000000 -14.556598 20.303463 -0.226553 0.077882 -0.067556 0.695735 0.710861
5.033330 -14.749804 20.321056 -0.321774 0.079916 -0.066511 0.699981 0.706552
5.066660 -14.917798 20.321600 -0.423083 0.079897 -0.064177 0.703779 0.702988
5.100000 -15.079751 20.323686 -0.523972 0.081226 -0.060944 0.707599 0.699279
5.133330 -15.241876 20.323529 -0.621404 0.082808 -0.058027 0.711631 0.695239
5.166660 -15.403641 20.322459 -0.714208 0.082900 -0.055697 0.714599 0.692368
5.200000 -15.566411 20.317747 -0.801488 0.080374 -0.055589 0.719003 0.688102
5.233330 -15.725853 20.316782 -0.882117 0.080949 -0.051802 0.722665 0.684485
5.266660 -15.859360 20.291558 -0.958518 0.081907 -0.047702 0.727155 0.679898
5.300000 -16.021384 20.280959 -1.024074 0.080286 -0.046257 0.730330 0.676781
5.333330 -16.183988 20.267619 -1.080809 0.081201 -0.043497 0.733882 0.673002
5.366660 -16.347224 20.249799 -1.127850 0.080881 -0.041522 0.737661 0.669022
5.400000 -16.510366 20.230510 -1.164897 0.079568 -0.038083 0.740870 0.665831
5.433330 -16.673185 20.210208 -1.191611 0.079176 -0.036391 0.744403 0.662021
5.466660 -16.836048 20.186638 -1.207621 0.079457 -0.032124 0.748222 0.657889
5.500000 -16.989835 20.171644 -1.216937 0.079402 -0.027017 0.751606 0.654258
5.533330 -17.102779 20.127887 -1.217792 0.076956 -0.023943 0.755044 0.650702
5.566660 -17.264075 20.096614 -1.201394 0.077259 -0.021066 0.758439 0.646805
5.600000 -17.425291 20.061807 -1.174143 0.076760 -0.017590 0.761288 0.643614
5.633330 -17.586098 20.027931 -1.136801 0.074150 -0.015887 0.764580 0.640052
5.666660 -17.746876 19.990173 -1.089427 0.074009 -0.012087 0.767594 0.636535
5.700000 -17.907266 19.950171 -1.032418 0.073740 -0.009055 0.771461 0.631925
5.733330 -18.067474 19.908343 -0.966711 0.070281 -0.007302 0.774948 0.628063
5.766660 -18.206194 19.860871 -0.896817 0.067066 -0.004320 0.778867 0.623578
5.800000 -18.345285 19.808019 -0.816593 0.066259 -0.000184 0.781579 0.620278
5.833330 -18.503401 19.758362 -0.728940 0.063710 0.002360 0.785370 0.615735
5.866660 -18.629696 19.695671 -0.639155 0.062418 0.006666 0.788522 0.611794
5.900000 -18.786485 19.641916 -0.541806 0.060496 0.010129 0.791456 0.608141
5.933330 -18.927941 19.582027 -0.442992 0.058126 0.013597 0.794671 0.604098
5.966660 -19.080654 19.521736 -0.340855 0.055090 0.015732 0.797842 0.600138
6.000000 -19.216432 19.459433 -0.238131 0.052676 0.018716 0.800508 0.596710
6.033330 -19.369858 19.397546 -0.134192 0.051328 0.021516 0.803242 0.593047
6.066660 -19.506860 19.332682 -0.031707 0.049322 0.024050 0.805314 0.590303
6.100000 -19.658349 19.265535 0.068716 0.045799 0.026610 0.808983 0.585440
6.133330 -19.795606 19.199255 0.165834 0.043218 0.028213 0.811746 0.581726
6.166660 -19.945542 19.128431 0.258524 0.041355 0.031947 0.814464 0.577857
6.200000 -20.083194 19.061442 0.345031 0.035755 0.032562 0.817678 0.573641
6.233330 -20.223375 18.989552 0.425386 0.032385 0.033934 0.820933 0.569094
6.266660 -20.357124 18.918787 0.497663 0.028510 0.037204 0.822763 0.566449
6.300000 -20.501632 18.842577 0.562708 0.026405 0.039853 0.826672 0.560650
6.333330 -20.647796 18.764479 0.619378 0.023636 0.042344 0.829122 0.556961
6.366660 -20.793273 18.683899 0.666546 0.018229 0.043121 0.831738 0.553190
6.400000 -20.938209 18.600924 0.703732 0.015315 0.044072 0.834506 0.549019
6.433330 -21.082524 18.516218 0.730477 0.011728 0.045162 0.837419 0.544566
6.466660 -21.226301 18.429763 0.746581 0.009612 0.047561 0.840442 0.539725
6.500000 -21.369568 18.341678 0.751764 0.006396 0.049199 0.843108 0.535451
6.533330 -21.511801 18.250976 0.745941 0.004593 0.051704 0.845892 0.530822
6.566660 -21.653695 18.158753 0.729266 0.001187 0.052517 0.848619 0.526389
6.600000 -21.795164 18.064729 0.701860 -0.002195 0.053501 0.851500 0.521613
6.633330 -21.936022 17.968940 0.663966 -0.005111 0.055479 0.853927 0.517402
6.666660 -22.080216 17.864329 0.618534 -0.007115 0.056630 0.856733 0.512593
6.700000 -22.219501 17.763726 0.561341 -0.010413 0.060514 0.859118 0.508081
6.733330 -22.358470 17.662346 0.495229 -0.012446 0.061358 0.862581 0.502030
6.766660 -22.496667 17.557439 0.420110 -0.015932 0.064226 0.864702 0.497907
6.799990 -22.635444 17.450611 0.337727 -0.017677 0.065484 0.866711 0.494178
6.833330 -22.769739 17.343159 0.249155 -0.021585 0.063432 0.869502 0.489363
6.866660 -22.895839 17.235005 0.156664 -0.025074 0.063779 0.871186 0.486147
6.899990 -23.029655 17.123482 0.058490 -0.027026 0.063745 0.873927 0.481100
6.933330 -23.161395 17.008648 -0.041191 -0.031984 0.063026 0.875453 0.478108
6.966660 -23.286779 16.894905 -0.145339 -0.035824 0.063712 0.877745 0.473520
6.999990 -23.417611 16.778404 -0.250296 -0.039001 0.063664 0.879980 0.469106
7.033330 -23.537463 16.662322 -0.355692 -0.042415 0.063161 0.881938 0.465186
7.066660 -23.665232 16.542070 -0.459278 -0.046508 0.062377 0.884363 0.460269
7.099990 -23.782172 16.425396 -0.562948 -0.050065 0.062868 0.885930 0.456803
7.133330 -23.908619 16.302512 -0.661537 -0.050629 0.060314 0.888694 0.451689
7.166660 -24.033160 16.176613 -0.755658 -0.054586 0.062888 0.890807 0.446685
7.199990 -24.156807 16.049576 -0.844236 -0.057844 0.062459 0.892636 0.442666
7.233330 -24.280542 15.922108 -0.926572 -0.060056 0.061724 0.895486 0.436678
7.266660 -24.401805 15.790700 -1.001352 -0.062992 0.060443 0.897639 0.431999
7.299990 -24.528650 15.649386 -1.064422 -0.066227 0.058651 0.899956 0.426912
7.333330 -24.649246 15.515309 -1.122465 -0.067571 0.060117 0.902131 0.421877
7.366660 -24.768106 15.379257 -1.171026 -0.068958 0.060076 0.904806 0.415886
7.399990 -24.886466 15.244107 -1.209575 -0.071570 0.058018 0.906640 0.411722
7.433330 -25.003100 15.104939 -1.237660 -0.074100 0.056419 0.908602 0.407147
7.466660 -25.118389 14.963748 -1.254764 -0.076673 0.054845 0.910447 0.402740
7.499990 -25.232727 14.820688 -1.260816 -0.079591 0.052299 0.912421 0.398018
7.533330 -25.346166 14.677046 -1.256157 -0.080407 0.052164 0.914378 0.393353
7.566660 -25.458584 14.532322 -1.240701 -0.082267 0.050001 0.916496 0.388286
7.599990 -25.569616 14.385384 -1.214276 -0.085320 0.047473 0.918611 0.382910
7.633330 -25.680157 14.236921 -1.177534 -0.088724 0.044107 0.920442 0.378113
7.666660 -25.790757 14.080723 -1.129475 -0.088545 0.044235 0.922696 0.372605
7.699990 -25.910648 13.917403 -1.072079 -0.090134 0.041660 0.924663 0.367612
7.733330 -26.018482 13.763422 -1.006887 -0.091221 0.038595 0.926616 0.362728
7.766660 -26.124540 13.608092 -0.933854 -0.092453 0.036746 0.928719 0.357188
7.799990 -26.229490 13.451488 -0.853590 -0.091396 0.034557 0.930640 0.352649
7.833330 -26.337880 13.286898 -0.762237 -0.094527 0.032310 0.932348 0.347489
7.866660 -26.444886 13.124381 -0.669638 -0.095280 0.028462 0.933687 0.344006
7.899990 -26.546382 12.963168 -0.572610 -0.094115 0.026079 0.935015 0.340894
7.933330 -26.645629 12.798863 -0.471900 -0.095861 0.026226 0.937680 0.332986
7.966660 -26.744230 12.634091 -0.369179 -0.095784 0.024754 0.939471 0.328034
7.999990 -26.828271 12.479048 -0.261406 -0.096108 0.023401 0.941284 0.322801
8.033330 -26.924623 12.312646 -0.157680 -0.095643 0.019176 0.942704 0.319053
8.066660 -27.018433 12.143158 -0.054657 -0.096592 0.017848 0.944334 0.313982
8.099990 -27.090815 11.993748 0.051875 -0.095561 0.016851 0.946399 0.308081
8.133330 -27.183342 11.824666 0.149024 -0.096266 0.015207 0.947919 0.303234
8.166660 -27.273498 11.653430 0.242085 -0.094533 0.015561 0.949705 0.298132
8.200000 -27.362506 11.480864 0.329672 -0.094812 0.014173 0.950238 0.296408
8.233330 -27.454831 11.309252 0.409177 -0.094104 0.010218 0.952922 0.288062
8.266660 -27.541768 11.134827 0.482866 -0.093601 0.007282 0.954455 0.283199
8.300000 -27.627282 10.959006 0.548599 -0.092839 0.004984 0.956231 0.277449
8.333330 -27.707923 10.779293 0.605466 -0.091828 0.002556 0.957845 0.272201
8.366660 -27.788755 10.599596 0.652842 -0.090104 0.000398 0.959208 0.267956
8.400000 -27.870607 10.420123 0.690494 -0.088892 -0.001948 0.960824 0.262508
8.433330 -27.948227 10.245663 0.720076 -0.086791 -0.003233 0.961924 0.259152
8.466670 -28.025081 10.063626 0.736866 -0.086585 -0.007516 0.963749 0.252259
8.500000 -28.100451 9.881861 0.742123 -0.085551 -0.010215 0.964907 0.248056
8.533330 -28.181629 9.701711 0.733334 -0.083819 -0.011323 0.966221 0.243440
8.566670 -28.255226 9.517582 0.716671 -0.081953 -0.013785 0.967542 0.238654
8.600000 -28.324800 9.338533 0.687682 -0.081365 -0.017356 0.968672 0.233993
8.633340 -28.392493 9.158291 0.649869 -0.077944 -0.016867 0.970164 0.228957
8.666670 -28.460776 8.971250 0.601960 -0.074755 -0.018663 0.971607 0.223705
8.700000 -28.532355 8.785823 0.544186 -0.072748 -0.019467 0.973073 0.217847
8.733340 -28.599285 8.597880 0.477833 -0.070445 -0.021488 0.974372 0.212543
8.766670 -28.664004 8.408702 0.403352 -0.068087 -0.022803 0.975699 0.207015
8.800000 -28.727078 8.218669 0.321361 -0.064618 -0.025107 0.976673 0.203233
8.833340 -28.788656 8.027867 0.232835 -0.063397 -0.028171 0.977585 0.198783
8.866670 -28.849027 7.836522 0.138811 -0.061448 -0.030217 0.978614 0.193973
8.900010 -28.907733 7.644271 0.040379 -0.058958 -0.032333 0.979840 0.188127
8.933340 -28.964941 7.451612 -0.061362 -0.056202 -0.035667 0.980592 0.184413
8.966670 -29.022305 7.259002 -0.165492 -0.052259 -0.036840 0.981509 0.180421
9.000010 -29.076907 7.065031 -0.270879 -0.050676 -0.038039 0.982619 0.174485
9.033340 -29.131011 6.871011 -0.376137 -0.046287 -0.038209 0.983758 0.169167
9.066670 -29.183233 6.676224 -0.480305 -0.043587 -0.041762 0.984600 0.164067
9.100010 -29.232932 6.480182 -0.582304 -0.041307 -0.042205 0.985443 0.159418
9.133340 -29.282354 6.283914 -0.680983 -0.038289 -0.043923 0.986177 0.155114
9.166680 -29.329873 6.086743 -0.775194 -0.033233 -0.043549 0.987203 0.149765
9.200010 -29.378361 5.889936 -0.863991 -0.030528 -0.043064 0.987966 0.145388
9.233340 -29.435548 5.695203 -0.946175 -0.027518 -0.045136 0.988932 0.138631
9.266680 -29.479556 5.496232 -1.021007 -0.024838 -0.046213 0.989432 0.135173
9.300010 -29.520644 5.296571 -1.087518 -0.020896 -0.048140 0.990110 0.130105
9.333340 -29.566481 5.096339 -1.144886 -0.017119 -0.049263 0.990838 0.124583
9.366680 -29.604864 4.895572 -1.192756 -0.012958 -0.049275 0.991548 0.119313
9.400010 -29.647086 4.685007 -1.230730 -0.008363 -0.051726 0.991963 0.115171
9.433350 -29.684349 4.481898 -1.257733 -0.005409 -0.051362 0.992562 0.110240
9.466680 -29.719754 4.273895 -1.274061 -0.000149 -0.052151 0.992898 0.106931
9.500010 -29.752171 4.070752 -1.279681 0.001503 -0.052854 0.993482 0.100985
9.533350 -29.785724 3.864409 -1.273630 0.005473 -0.054046 0.993925 0.095722
9.566680 -29.816097 3.659356 -1.257370 0.008253 -0.055078 0.994336 0.090518
9.600010 -29.844624 3.454863 -1.230339 0.011847 -0.054903 0.994843 0.084452
9.633350 -29.871844 3.249725 -1.192863 0.015203 -0.055638 0.995198 0.079086
9.666680 -29.898861 3.043438 -1.145794 0.017388 -0.055706 0.995382 0.076212
9.700020 -29.921966 2.836986 -1.088992 0.021968 -0.054991 0.995694 0.071326
9.733350 -29.943690 2.630332 -1.023288 0.026465 -0.055455 0.995863 0.066942
9.766680 -29.964138 2.422812 -0.949277 0.029229 -0.055308 0.996217 0.060315
9.800020 -29.982958 2.215597 -0.867916 0.032806 -0.055268 0.996370 0.055828
9.833350 -30.000028 2.008022 -0.780254 0.035833 -0.055098 0.996668 0.048300
9.866680 -30.016713 1.799368 -0.687266 0.039057 -0.051635 0.996925 0.044149
9.900020 -30.031762 1.591002 -0.590082 0.041642 -0.051945 0.997044 0.038348
9.933350 -30.043952 1.382636 -0.489208 0.045053 -0.053334 0.997045 0.032038
9.966690 -30.055615 1.173413 -0.386143 0.048646 -0.049531 0.997188 0.028229
10.000000 -30.068516 0.964402 -0.283440 0.051141 -0.047549 0.997235 0.025414
10.033400 -30.075824 0.755282 -0.178716 0.055833 -0.045931 0.997186 0.019823
10.066700 -30.082128 0.546395 -0.075553 0.059070 -0.044539 0.997168 0.013497
10.100000 -30.087079 0.337462 0.025267 0.062331 -0.044050 0.997052 0.007860
10.133400 -30.090621 0.128117 0.123144 0.064592 -0.041897 0.997030 0.001657
10.166700 -30.093767 -0.080225 0.216186 0.066471 -0.040165 0.996976 -0.002746
10.200000 -30.095713 -0.288451 0.303602 0.069252 -0.037946 0.996855 -0.006711
10.233400 -30.094562 -0.497121 0.385177 0.071088 -0.035185 0.996779 -0.011800
10.266700 -30.090867 -0.705262 0.459338 0.074141 -0.032512 0.996575 -0.016890
10.300000 -30.085738 -0.913321 0.525450 0.077121 -0.034188 0.996201 -0.021606
10.333400 -30.083162 -1.122530 0.581292 0.079926 -0.030582 0.995914 -0.028840
10.366700 -30.075651 -1.330768 0.627897 0.081137 -0.028770 0.995716 -0.033738
10.400000 -30.066037 -1.538501 0.665354 0.080435 -0.028410 0.995484 -0.041657
10.433400 -30.055766 -1.748602 0.689646 0.085287 -0.025133 0.995050 -0.044382
10.466700 -30.042521 -1.966455 0.703948 0.086473 -0.023504 0.994754 -0.049337
10.500000 -30.028604 -2.185448 0.708268 0.088335 -0.021095 0.994353 -0.054895
10.533400 -30.013342 -2.394151 0.702296 0.089977 -0.017190 0.994018 -0.059469
10.566700 -29.994813 -2.615979 0.685465 0.091862 -0.013629 0.993487 -0.066024
10.600000 -29.975180 -2.829578 0.658450 0.092733 -0.012294 0.993049 -0.071430
10.633400 -29.951309 -3.042611 0.620812 0.094315 -0.011191 0.992462 -0.077455
10.666700 -29.927768 -3.256015 0.573570 0.095407 -0.007027 0.991901 -0.083555
10.700000 -29.902623 -3.466939 0.516996 0.096292 -0.006677 0.991425 -0.088093
10.733400 -29.877077 -3.673867 0.450925 0.096364 -0.004618 0.990990 -0.092911
10.766700 -29.850624 -3.879663 0.376803 0.097184 -0.002426 0.990353 -0.098743
10.800000 -29.820635 -4.084587 0.296001 0.098533 0.000238 0.989747 -0.103405
10.833400 -29.789789 -4.289817 0.207969 0.099016 0.003186 0.989101 -0.108923
10.866700 -29.757654 -4.494663 0.116103 0.099077 0.005736 0.988611 -0.113132
10.900000 -29.723165 -4.697695 0.018638 0.098811 0.005931 0.988093 -0.117789
10.933400 -29.688496 -4.901281 -0.082923 0.098071 0.009060 0.987403 -0.123838
10.966700 -29.652239 -5.103781 -0.186547 0.098505 0.010988 0.986985 -0.126638
11.000000 -29.611876 -5.305542 -0.291208 0.097651 0.013976 0.986005 -0.134396
11.033400 -29.571826 -5.507458 -0.396145 0.100012 0.013860 0.984988 -0.140016
11.066700 -29.529144 -5.706943 -0.499267 0.097699 0.015868 0.984416 -0.145356
11.100000 -29.486485 -5.907072 -0.600339 0.096696 0.018556 0.983721 -0.150330
11.133400 -29.441534 -6.107150 -0.698324 0.096502 0.021834 0.982947 -0.155003
11.166700 -29.394497 -6.304842 -0.791347 0.095426 0.024957 0.982025 -0.160927
11.200000 -29.346888 -6.501152 -0.878595 0.094622 0.027232 0.981248 -0.165705
11.233400 -29.296445 -6.697689 -0.960503 0.093510 0.027763 0.980450 -0.170886
11.266700 -29.245874 -6.894462 -1.034698 0.092760 0.029147 0.979532 -0.176245
11.300000 -29.193981 -7.090386 -1.100770 0.089612 0.033107 0.978753 -0.181428
11.333400 -29.140662 -7.286153 -1.158029 0.088639 0.036829 0.977609 -0.187265
11.366700 -29.083284 -7.477425 -1.205569 0.085304 0.038038 0.976703 -0.193206
11.400000 -29.025876 -7.665204 -1.242722 0.083848 0.039521 0.976004 -0.197035
11.433400 -28.967371 -7.854984 -1.270030 0.082400 0.039435 0.974916 -0.202962
11.466700 -28.906898 -8.044146 -1.286585 0.081279 0.040906 0.973835 -0.208244
11.500000 -28.845674 -8.233408 -1.292129 0.078917 0.043210 0.972840 -0.213276
11.533400 -28.780674 -8.419873 -1.286544 0.076284 0.044744 0.971741 -0.218858
11.566700 -28.715271 -8.605360 -1.269823 0.074041 0.046051 0.970630 -0.224222
11.600000 -28.650032 -8.791179 -1.242678 0.072199 0.046910 0.969770 -0.228325
11.633400 -28.583516 -8.976277 -1.205100 0.069927 0.047183 0.968713 -0.233408
11.666700 -28.515176 -9.160470 -1.157488 0.067210 0.050244 0.967628 -0.238022
11.700000 -28.445030 -9.343153 -1.100437 0.064947 0.050279 0.966534 -0.243034
11.733400 -28.373585 -9.525704 -1.034456 0.062898 0.050577 0.965357 -0.248136
11.766700 -28.300416 -9.706409 -0.960493 0.061447 0.051292 0.963994 -0.253591
11.800000 -28.226073 -9.886169 -0.878941 0.057912 0.052280 0.962859 -0.258488
11.833400 -28.150036 -10.065494 -0.790795 0.054660 0.053241 0.961656 -0.263430
11.866700 -28.072842 -10.243235 -0.697328 0.050895 0.053274 0.960422 -0.268627
11.900000 -27.994206 -10.419771 -0.599313 0.047871 0.054606 0.959008 -0.273915
11.933400 -27.913587 -10.595686 -0.497749 0.045900 0.054615 0.957833 -0.278327
11.966700 -27.830950 -10.769715 -0.394070 0.042748 0.053915 0.956527 -0.283413
12.000000 -27.747935 -10.942961 -0.289454 0.040602 0.053389 0.955124 -0.288513
12.033400 -27.662588 -11.115159 -0.184636 0.035811 0.054362 0.953615 -0.293905
12.066700 -27.575919 -11.285473 -0.081304 0.032398 0.055911 0.952223 -0.298488
12.100000 -27.488030 -11.454283 0.019712 0.028961 0.055621 0.950821 -0.303327
12.133400 -27.398914 -11.622403 0.117339 0.025502 0.056390 0.949045 -0.309005
12.166700 -27.301016 -11.786153 0.211255 0.020909 0.056350 0.947444 -0.314224
12.200000 -27.206959 -11.954423 0.297994 0.018526 0.056250 0.945996 -0.318724
12.233400 -27.113720 -12.118990 0.378965 0.014455 0.056401 0.944355 -0.323735
12.266700 -27.019496 -12.281828 0.452313 0.011390 0.054417 0.943053 -0.327964
12.300100 -26.922969 -12.443453 0.517826 0.008283 0.054694 0.941248 -0.333156
12.333400 -26.822869 -12.607530 0.573626 0.004514 0.053456 0.939133 -0.339338
12.366700 -26.722428 -12.768074 0.620531 0.000378 0.054367 0.937609 -0.343415
12.400100 -26.622321 -12.925800 0.657708 -0.001716 0.052374 0.936108 -0.347787
12.433400 -26.521529 -13.081814 0.684330 -0.006247 0.052514 0.934343 -0.352428
12.466700 -26.417502 -13.237691 0.699879 -0.009645 0.050461 0.932436 -0.357664
12.500100 -26.312415 -13.391419 0.705035 -0.012020 0.049245 0.930696 -0.362263
12.533400 -26.206537 -13.543128 0.699237 -0.014652 0.046894 0.928730 -0.367487
12.566700 -26.098634 -13.693962 0.682887 -0.017204 0.046338 0.926832 -0.372210
12.600100 -25.989303 -13.843324 0.656051 -0.020549 0.045931 0.924672 -0.377426
12.633400 -25.878686 -13.990953 0.618888 -0.025351 0.044987 0.922672 -0.382112
12.666700 -25.769038 -14.136084 0.571200 -0.027864 0.042805 0.921269 -0.385559
12.700100 -25.657521 -14.279982 0.513906 -0.030747 0.040077 0.919273 -0.390365
12.733400 -25.546581 -14.422610 0.447942 -0.034779 0.038518 0.917022 -0.395445
12.766700 -25.432769 -14.563608 0.373637 -0.037816 0.036251 0.914918 -0.400226
12.800100 -25.316534 -14.704626 0.292003 -0.039295 0.034388 0.912752 -0.405162
12.833400 -25.201906 -14.843427 0.204369 -0.042459 0.034644 0.911144 -0.408429
12.866700 -25.087074 -14.980204 0.111081 -0.045283 0.030548 0.909339 -0.412455
12.900100 -24.968854 -15.119379 0.013048 -0.048249 0.029265 0.906715 -0.417951
12.933400 -24.850013 -15.254886 -0.088080 -0.050242 0.026507 0.904777 -0.422079
12.966700 -24.730325 -15.385910 -0.191871 -0.053013 0.023908 0.902594 -0.426546
13.000100 -24.611326 -15.517025 -0.297283 -0.056340 0.021674 0.900674 -0.430283
13.033400 -24.489466 -15.644762 -0.402126 -0.058337 0.018828 0.898173 -0.435349
13.066700 -24.367345 -15.771147 -0.505752 -0.061342 0.016578 0.895798 -0.439896
13.100100 -24.243985 -15.895986 -0.607782 -0.063291 0.013892 0.893307 -0.444751
13.133400 -24.120532 -16.019204 -0.705655 -0.065870 0.012928 0.890623 -0.449760
13.166700 -23.997009 -16.140063 -0.799007 -0.067977 0.010317 0.888284 -0.454119
13.200100 -23.868722 -16.258733 -0.886729 -0.069260 0.006345 0.885520 -0.459366
13.233400 -23.740953 -16.375951 -0.967948 -0.071963 0.004470 0.883558 -0.462739
13.266700 -23.612746 -16.491415 -1.041742 -0.072199 0.001732 0.880895 -0.467769
13.300100 -23.481194 -16.605861 -1.106939 -0.075167 -0.000537 0.878206 -0.472338
13.333400 -23.349306 -16.715565 -1.164976 -0.077276 -0.003739 0.875653 -0.476704
13.366700 -23.216214 -16.823474 -1.212721 -0.079444 -0.004637 0.872935 -0.481302
13.400100 -23.082238 -16.930819 -1.250431 -0.080061 -0.007796 0.870668 -0.485250
13.433400 -22.947429 -17.036015 -1.277570 -0.081550 -0.010432 0.868005 -0.489701
13.466700 -22.812750 -17.140072 -1.293958 -0.083083 -0.012383 0.865312 -0.494145
13.500100 -22.676620 -17.242302 -1.299510 -0.083396 -0.016161 0.862459 -0.498947
13.533400 -22.544786 -17.346608 -1.294095 0.084856 0.017866 -0.859899 0.503044
13.566700 -22.407679 -17.444516 -1.277489 0.087865 0.019418 -0.856481 0.508275
13.600100 -22.272656 -17.542384 -1.250152 0.088222 0.021393 -0.854364 0.511685
13.633400 -22.133727 -17.636175 -1.212691 0.088368 0.024412 -0.851330 0.516559
13.666700 -21.994501 -17.728022 -1.165037 0.089895 0.025897 -0.847797 0.522005
13.700100 -21.855229 -17.819352 -1.107961 0.088656 0.029327 -0.845034 0.526495
13.733400 -21.716816 -17.905953 -1.042241 0.089264 0.031564 -0.842173 0.530830
13.766700 -21.575985 -17.992479 -0.968254 0.089182 0.034504 -0.839374 0.535077
13.800100 -21.433952 -18.077033 -0.886749 0.090436 0.035948 -0.835929 0.540141
13.833400 -21.292891 -18.160550 -0.799118 0.089399 0.039329 -0.833667 0.543563
13.866700 -21.150220 -18.241297 -0.706134 0.088141 0.042196 -0.830781 0.547954
13.900100 -21.006902 -18.320801 -0.608447 0.087739 0.044467 -0.828109 0.551869
13.933400 -20.862770 -18.397281 -0.507624 0.086496 0.046414 -0.824894 0.556699
13.966700 -20.718691 -18.472657 -0.404518 0.083574 0.050501 -0.822766 0.559930
14.000100 -20.572130 -18.545191 -0.300171 0.084190 0.051915 -0.818999 0.565205
14.033400 -20.426723 -18.617136 -0.196211 0.084238 0.053472 -0.815758 0.569723
14.066700 -20.280557 -18.686792 -0.093489 0.081673 0.056454 -0.812623 0.574270
14.100100 -20.128426 -18.757885 0.008465 0.079951 0.057067 -0.809709 0.578552
14.133400 -19.979784 -18.822486 0.105694 0.079502 0.059743 -0.806527 0.582773
14.166700 -19.830968 -18.885971 0.198347 0.078795 0.061294 -0.803006 0.587550
14.200100 -19.680498 -18.946802 0.285779 0.077250 0.063278 -0.799794 0.591911
14.233400 -19.530003 -19.005511 0.366405 0.077017 0.063891 -0.796006 0.596959
14.266700 -19.375157 -19.059516 0.440348 0.075163 0.064322 -0.792752 0.601462
14.300100 -19.224042 -19.112408 0.506789 0.073686 0.065243 -0.789787 0.605434
14.333400 -19.072183 -19.164659 0.563320 0.070878 0.067863 -0.787254 0.608771
14.366700 -18.919929 -19.214986 0.610356 0.070183 0.068882 -0.783675 0.613337
14.400100 -18.767489 -19.264274 0.647593 0.067422 0.070573 -0.780370 0.617654
14.433400 -18.619236 -19.311115 0.674711 0.065275 0.070127 -0.777365 0.621712
14.466700 -18.463795 -19.352882 0.691432 0.062335 0.072583 -0.773189 0.626917
14.500100 -18.310067 -19.395428 0.696632 0.060503 0.075468 -0.770282 0.630324
14.533400 -18.156910 -19.436743 0.690007 0.058980 0.074754 -0.766610 0.635014
14.566700 -18.002802 -19.474816 0.672797 0.056484 0.074317 -0.763446 0.639090
14.600100 -17.848110 -19.510993 0.645117 0.054438 0.074472 -0.760356 0.642923
14.633400 -17.693289 -19.544719 0.607008 0.051566 0.075060 -0.756980 0.647061
14.666700 -17.537994 -19.576281 0.558789 0.050072 0.075176 -0.753845 0.650814
14.700100 -17.382383 -19.606408 0.500843 0.047061 0.075197 -0.750257 0.655168
14.733400 -17.226798 -19.633954 0.434216 0.044934 0.075535 -0.746488 0.659569
14.766800 -17.070618 -19.659210 0.359242 0.040862 0.075316 -0.742825 0.663980
14.800100 -16.917655 -19.678215 0.278518 0.038840 0.074498 -0.740032 0.667304
14.833400 -16.761489 -19.698674 0.189728 0.036559 0.074652 -0.736483 0.671330
14.866800 -16.607272 -19.714657 0.096790 0.031723 0.074270 -0.733233 0.675165
14.900100 -16.451277 -19.731012 -0.001353 0.030577 0.074018 -0.729753 0.679004
14.933400 -16.294777 -19.745155 -0.103237 0.026604 0.074511 -0.725969 0.683161
14.966800 -16.137742 -19.756604 -0.207712 0.025271 0.073040 -0.723152 0.686351
15.000100 -15.980869 -19.763503 -0.313041 0.020625 0.073056 -0.718959 0.690894
15.033400 -15.824132 -19.770740 -0.418385 0.018724 0.071599 -0.715973 0.694195
15.066800 -15.666528 -19.775248 -0.522931 0.013140 0.071803 -0.712314 0.698055
15.100100 -15.509796 -19.779009 -0.624912 0.010532 0.070340 -0.711104 0.699480
15.133400 -15.361785 -19.777324 -0.722035 0.007425 0.069012 -0.706071 0.704731
15.166800 -15.204082 -19.775061 -0.816561 0.005476 0.067966 -0.701372 0.709527
15.200100 -15.046917 -19.771446 -0.905291 0.001784 0.065567 -0.698763 0.712340
15.233400 -14.889659 -19.765481 -0.987602 0.000050 0.064982 -0.695002 0.716065
15.266800 -14.731744 -19.755002 -1.062807 -0.003931 0.064047 -0.691373 0.719643
15.300100 -14.574221 -19.744371 -1.129909 -0.006181 0.061532 -0.687848 0.723216
15.333400 -14.416779 -19.731815 -1.188193 -0.010686 0.060467 -0.684444 0.726475
15.366800 -14.265196 -19.715059 -1.236341 -0.010065 0.059626 -0.680456 0.730290
15.400100 -14.109342 -19.697323 -1.275227 -0.012988 0.056258 -0.676459 0.734213
15.433400 -13.951528 -19.678668 -1.303623 -0.014202 0.053621 -0.671997 0.738474
15.466800 -13.794938 -19.657716 -1.321352 -0.017716 0.051182 -0.669504 0.740832
15.500100 -13.638190 -19.633648 -1.327827 -0.022236 0.049155 -0.665510 0.744437
15.533400 -13.481370 -19.608597 -1.323504 -0.024843 0.047441 -0.661848 0.747723
15.566800 -13.326276 -19.582396 -1.308848 -0.025894 0.046186 -0.659330 0.749986
15.600100 -13.169758 -19.553022 -1.282867 -0.027105 0.045595 -0.656045 0.752856
15.633400 -13.013269 -19.521693 -1.246441 -0.028454 0.044877 -0.650966 0.757245
15.666800 -12.856431 -19.488430 -1.199955 -0.029226 0.042339 -0.646681 0.761024
15.700100 -12.700177 -19.453299 -1.144061 -0.031068 0.039888 -0.644837 0.762646
15.733400 -12.544124 -19.416338 -1.079273 -0.032523 0.037714 -0.641829 0.765229
15.766800 -12.387834 -19.377394 -1.006003 -0.035937 0.034632 -0.637830 0.768558
15.800100 -12.232239 -19.336706 -0.925584 -0.039962 0.031922 -0.632356 0.772988
15.833400 -12.076729 -19.294122 -0.838679 -0.042109 0.027699 -0.629152 0.775646
15.866800 -11.921628 -19.247069 -0.749052 -0.047469 0.019946 -0.623576 0.780065
15.900100 -11.767005 -19.198433 -0.652345 -0.048726 0.015510 -0.620086 0.782865
15.933400 -11.612794 -19.147798 -0.552302 -0.050431 0.013232 -0.615514 0.786399
15.966800 -11.458289 -19.095774 -0.449605 -0.053216 0.011089 -0.612057 0.788943
16.000100 -11.304673 -19.040715 -0.346258 -0.056795 0.007780 -0.607220 0.792463
16.033400 -11.152185 -18.979518 -0.242336 -0.055400 0.003221 -0.602244 0.796381
16.066800 -10.999844 -18.916168 -0.138070 -0.058259 0.000703 -0.598415 0.799065
16.100100 -10.847389 -18.855524 -0.037858 -0.058610 -0.002203 -0.594717 0.801793
16.133400 -10.695279 -18.793433 0.059059 -0.058648 -0.005329 -0.591408 0.804219
16.166800 -10.543617 -18.727325 0.151827 -0.060535 -0.008469 -0.586348 0.807750
16.200100 -10.392512 -18.660564 0.238837 -0.061593 -0.011848 -0.582675 0.810282
16.233400 -10.243339 -18.586760 0.320096 -0.061932 -0.015168 -0.578509 0.813180
16.266800 -10.093946 -18.513124 0.394355 -0.061573 -0.019127 -0.574586 0.815901
16.300100 -9.945775 -18.437128 0.460601 -0.062446 -0.022649 -0.570020 0.818941
16.333400 -9.797578 -18.360468 0.517352 -0.063233 -0.024970 -0.565633 0.821850
16.366800 -9.649182 -18.282680 0.564019 -0.061568 -0.029514 -0.561538 0.824629
16.400100 -9.501809 -18.203248 0.600505 -0.061459 -0.033470 -0.557189 0.827432
16.433400 -9.354930 -18.121901 0.626752 -0.060961 -0.035997 -0.553559 0.829795
16.466800 -9.211334 -18.029516 0.643555 -0.063458 -0.038212 -0.548831 0.832645
16.500100 -9.065505 -17.944000 0.648067 -0.063768 -0.041091 -0.544186 0.835528
16.533400 -8.920361 -17.856707 0.641604 -0.063375 -0.046854 -0.540499 0.837645
16.566800 -8.776962 -17.762330 0.624278 -0.065600 -0.046995 -0.534523 0.841292
16.600100 -8.633459 -17.669913 0.596356 -0.064210 -0.050866 -0.530189 0.843913
16.633400 -8.490213 -17.576817 0.557926 -0.064700 -0.052121 -0.526084 0.846365
16.666800 -8.347203 -17.481115 0.509498 -0.063196 -0.056929 -0.522165 0.848592
16.700100 -8.206794 -17.380145 0.451907 -0.063853 -0.057796 -0.517510 0.851332
16.733400 -8.065940 -17.280076 0.385329 -0.063893 -0.059491 -0.512187 0.854426
16.766800 -7.925686 -17.176892 0.310558 -0.064591 -0.061710 -0.507040 0.857281
16.800100 -7.802591 -17.038688 0.235085 -0.064014 -0.064675 -0.502583 0.859726
16.833400 -7.670891 -16.920253 0.154724 -0.062394 -0.067913 -0.497320 0.862651
16.866800 -7.533197 -16.811286 0.061178 -0.061474 -0.069751 -0.492924 0.865090
16.900100 -7.396748 -16.701313 -0.036455 -0.060069 -0.072441 -0.488781 0.867316
16.933400 -7.261378 -16.588904 -0.137493 -0.059018 -0.074009 -0.483335 0.870303
16.966800 -7.127952 -16.472387 -0.236867 -0.059784 -0.076298 -0.479545 0.872147
17.000100 -6.990545 -16.362318 -0.338105 -0.058373 -0.076809 -0.474151 0.875142
17.033400 -6.857273 -16.245143 -0.442263 -0.055526 -0.079855 -0.469408 0.877608
17.066700 -6.725095 -16.126138 -0.545141 -0.054001 -0.081147 -0.464475 0.880206
17.100100 -6.591505 -16.009178 -0.646358 -0.051243 -0.083513 -0.460762 0.882099
17.133400 -6.461645 -15.886079 -0.743525 -0.050533 -0.084323 -0.455931 0.884569
17.166700 -6.332572 -15.761589 -0.836283 -0.049520 -0.085665 -0.451754 0.886638
17.200100 -6.202725 -15.637590 -0.923930 -0.047033 -0.087104 -0.446336 0.889373
17.233400 -6.076136 -15.512778 -1.006423 -0.044393 -0.088019 -0.441381 0.891888
17.266700 -5.959435 -15.387224 -1.080433 -0.042712 -0.089211 -0.436422 0.894289
17.300100 -5.831621 -15.258372 -1.145430 -0.042358 -0.090476 -0.431894 0.896375
17.333400 -5.707041 -15.126230 -1.201807 -0.037399 -0.091647 -0.427747 0.898462
17.366700 -5.583970 -14.993293 -1.249118 -0.036917 -0.093691 -0.422925 0.900552
17.400100 -5.464313 -14.856058 -1.285009 -0.034610 -0.093624 -0.417639 0.903114
17.433400 -5.343578 -14.717772 -1.310742 -0.032124 -0.094120 -0.413341 0.905129
17.466700 -5.223189 -14.578820 -1.326295 -0.030228 -0.093812 -0.407880 0.907700
17.500100 -5.103252 -14.438388 -1.331021 -0.029377 -0.093656 -0.403227 0.909821
17.533400 -4.985395 -14.295956 -1.324688 -0.025120 -0.095724 -0.398581 0.911778
17.566700 -4.873772 -14.148831 -1.305786 -0.024138 -0.095182 -0.393946 0.913873
17.600100 -4.757672 -14.004168 -1.277121 -0.022078 -0.095393 -0.388051 0.916422
17.633400 -4.641739 -13.856733 -1.238001 -0.021325 -0.095136 -0.382823 0.918663
17.666700 -4.528312 -13.708534 -1.189601 -0.018803 -0.092704 -0.378717 0.920666
17.700100 -4.419640 -13.559086 -1.130633 -0.016629 -0.093335 -0.373269 0.922866
17.733400 -4.315670 -13.403380 -1.061916 -0.013096 -0.092434 -0.368736 0.924834
17.766700 -4.208791 -13.251568 -0.986245 -0.010145 -0.092165 -0.363994 0.926775
17.800100 -4.100940 -13.095638 -0.902895 -0.008349 -0.091162 -0.358075 0.929194
17.833400 -3.996012 -12.937489 -0.814031 -0.002323 -0.091286 -0.353137 0.931104
17.866700 -3.896521 -12.777266 -0.717512 -0.001783 -0.089384 -0.348907 0.932883
17.900100 -3.791545 -12.616880 -0.617869 -0.000636 -0.088321 -0.342284 0.935436
17.933400 -3.690130 -12.454093 -0.515526 0.002901 -0.086544 -0.338728 0.936891
17.966700 -3.595067 -12.290360 -0.409922 0.004509 -0.084909 -0.333638 0.938859
18.000100 -3.494761 -12.125408 -0.303815 0.007822 -0.083471 -0.327871 0.940995
18.033400 -3.397127 -11.958909 -0.197942 0.009294 -0.081198 -0.324059 0.942500
18.066700 -3.302507 -11.789659 -0.091862 0.011992 -0.080893 -0.317205 0.944825
18.100100 -3.208123 -11.619202 0.011050 0.012653 -0.077890 -0.313919 0.946165
18.133400 -3.115332 -11.448633 0.109905 0.016453 -0.075949 -0.307719 0.948298
18.166700 -3.023783 -11.276639 0.204559 0.016869 -0.074437 -0.303081 0.949903
18.200100 -2.935991 -11.106588 0.294971 0.018686 -0.071583 -0.298598 0.951507
18.233400 -2.845963 -10.933078 0.377837 0.021374 -0.068322 -0.292143 0.953692
18.266700 -2.756103 -10.759168 0.453308 0.021998 -0.066188 -0.287069 0.955367
18.300100 -2.668596 -10.582765 0.520730 0.025363 -0.064308 -0.281847 0.956966
18.333400 -2.584790 -10.404266 0.578933 0.025552 -0.060511 -0.278493 0.958190
18.366700 -2.500516 -10.225718 0.627655 0.028381 -0.058130 -0.271859 0.960160
18.400100 -2.416888 -10.045956 0.666406 0.030035 -0.054712 -0.267701 0.961478
18.433400 -2.337766 -9.863998 0.694504 0.033707 -0.053363 -0.263207 0.962672
18.466700 -2.258506 -9.681825 0.712003 0.035118 -0.050019 -0.258049 0.964197
18.500100 -2.179461 -9.498536 0.718675 0.037681 -0.046968 -0.253365 0.965495
18.533400 -2.102515 -9.313782 0.713324 0.039186 -0.042793 -0.247382 0.967179
18.566700 -2.025804 -9.128624 0.697215 0.038808 -0.039260 -0.243700 0.968278
18.600100 -1.944450 -8.940652 0.668653 0.039105 -0.036350 -0.237868 0.969829
18.633400 -1.871128 -8.753516 0.631811 0.039205 -0.033450 -0.233086 0.971090
18.666700 -1.799684 -8.565250 0.584910 0.041969 -0.030250 -0.228696 0.972122
18.700100 -1.729158 -8.374669 0.528357 0.041080 -0.026602 -0.224918 0.973148
18.733400 -1.660093 -8.184682 0.463234 0.042211 -0.023903 -0.218657 0.974595
18.766700 -1.587448 -7.993419 0.388933 0.043353 -0.019656 -0.213697 0.975740
18.800100 -1.520309 -7.799911 0.307923 0.044636 -0.016721 -0.209452 0.976657
18.833400 -1.453541 -7.603793 0.221621 0.044856 -0.014076 -0.203511 0.977943
18.866700 -1.388904 -7.410036 0.128992 0.047054 -0.009253 -0.197759 0.979077
18.900100 -1.325689 -7.214795 0.031651 0.048627 -0.006568 -0.192880 0.979995
18.933400 -1.264044 -7.019254 -0.068633 0.048839 -0.002987 -0.187148 0.981112
18.966700 -1.204054 -6.822915 -0.171360 0.049608 0.000540 -0.182349 0.981982
19.000100 -1.146261 -6.624822 -0.275641 0.048230 0.004217 -0.178290 0.982786
19.033400 -1.080923 -6.420512 -0.380608 0.050437 0.007478 -0.173325 0.983544
19.066700 -1.020000 -6.211488 -0.483326 0.050006 0.011244 -0.168102 0.984436
19.100100 -0.963738 -6.005595 -0.583292 0.048726 0.014081 -0.161744 0.985529
19.133400 -0.912477 -5.803964 -0.680174 0.048459 0.018524 -0.158337 0.986021
19.166700 -0.861064 -5.602324 -0.772672 0.050821 0.020899 -0.153045 0.986690
19.200100 -0.811242 -5.399484 -0.859890 0.051229 0.025513 -0.148761 0.987216
19.233400 -0.759850 -5.198709 -0.942485 0.052061 0.028832 -0.142683 0.987978
19.266700 -0.714891 -4.995703 -1.016150 0.052024 0.032322 -0.137756 0.988571
19.300000 -0.670689 -4.791979 -1.081573 0.051455 0.035422 -0.133215 0.989116
19.333400 -0.628401 -4.586909 -1.137947 0.051512 0.038702 -0.127221 0.989779
19.366700 -0.587879 -4.381848 -1.184836 0.050512 0.042185 -0.122289 0.990310
19.400000 -0.548273 -4.176486 -1.221645 0.049122 0.044371 -0.115916 0.991051
19.433400 -0.508970 -3.970421 -1.248194 0.048599 0.048209 -0.110975 0.991463
19.466700 -0.472288 -3.764221 -1.263999 0.048017 0.050752 -0.105454 0.991967
19.500000 -0.437920 -3.557059 -1.268939 0.044612 0.054427 -0.101219 0.992372
19.533400 -0.404583 -3.349572 -1.262930 0.042292 0.057253 -0.096700 0.992765
19.566700 -0.369284 -3.143211 -1.247022 0.039524 0.059809 -0.090970 0.993270
19.600000 -0.335927 -2.939130 -1.221993 0.039884 0.063361 -0.086657 0.993421
19.633400 -0.308343 -2.730466 -1.183920 0.039754 0.065522 -0.081448 0.993727
19.666700 -0.281043 -2.522521 -1.136144 0.040304 0.068701 -0.077567 0.993800
19.700000 -0.254431 -2.314927 -1.079155 0.038483 0.071377 -0.071370 0.994148
19.733400 -0.228526 -2.111057 -1.016334 0.036474 0.075041 -0.068017 0.994189
19.766700 -0.206376 -1.902496 -0.942405 0.035273 0.076726 -0.062250 0.994482
19.800000 -0.186557 -1.693594 -0.861149 0.033457 0.078242 -0.056409 0.994775
19.833400 -0.164334 -1.487551 -0.775760 0.032241 0.083383 -0.051156 0.994681
19.866700 -0.147144 -1.278704 -0.682819 0.032169 0.083354 -0.045870 0.994944
19.900000 -0.131905 -1.069459 -0.585488 0.028751 0.084634 -0.040941 0.995155
19.933400 -0.116009 -0.863306 -0.485145 0.025998 0.085905 -0.035262 0.995340
19.966700 -0.103207 -0.653827 -0.382144 0.023467 0.087696 -0.029548 0.995432