0.466667 0.012662 2.291706 0.719493 0.056253 0.070405 0.041578 0.995063
0.500000 0.129351 2.490822 0.756286 0.066732 0.094137 0.036963 0.992632
0.533333 0.153841 2.690958 0.774623 0.072976 0.111175 0.042164 0.990221
0.566667 0.155261 2.894941 0.766907 0.073569 0.113270 0.046637 0.989739
0.600000 0.161365 3.097106 0.755926 0.072235 0.121366 0.046959 0.988862
0.633333 0.216696 3.289867 0.759126 0.079061 0.142266 0.047897 0.985503
0.666667 0.218795 3.490985 0.724269 0.078822 0.143419 0.049540 0.985274
0.700000 0.282355 3.682020 0.712223 0.084770 0.170730 0.050206 0.980380
0.733334 0.285721 3.880802 0.662472 0.081583 0.172573 0.054631 0.980091
0.766667 0.288335 4.078792 0.605006 0.081312 0.174680 0.057056 0.979602
0.800000 0.290169 4.276069 0.540658 0.080019 0.177104 0.061234 0.979021
0.833334 0.274740 4.472871 0.471598 0.081377 0.179498 0.067242 0.978078
0.866667 0.265338 4.659954 0.421631 0.084561 0.184232 0.071653 0.976614
0.900000 0.173584 4.839834 0.389827 0.083719 0.172452 0.079297 0.978245
0.933334 0.167367 5.029839 0.309718 0.080815 0.173567 0.081470 0.978114
0.966667 0.162070 5.218127 0.227248 0.080702 0.175458 0.085171 0.977470
1.000000 0.156778 5.404534 0.143760 0.080659 0.176085 0.089500 0.976974
1.033330 0.152351 5.588816 0.060444 0.080163 0.176146 0.093765 0.976604
1.066670 0.148367 5.771052 -0.021828 0.079040 0.178157 0.097829 0.975932
1.100000 0.145472 5.950914 -0.101792 0.078123 0.179634 0.101020 0.975409
1.133330 0.004642 6.126598 -0.170573 0.068707 0.177556 0.108003 0.975750
1.166670 -0.014848 6.302468 -0.241328 0.065494 0.178839 0.114056 0.975048
1.200000 -0.111245 6.469372 -0.300260 0.058159 0.173865 0.120196 0.975675
1.233330 -0.119726 6.641674 -0.359414 0.054721 0.173134 0.125296 0.975362
1.266670 -0.126448 6.811527 -0.411217 0.053600 0.174697 0.129660 0.974575
1.300000 -0.131608 6.978960 -0.454884 0.052749 0.176116 0.130691 0.974228
1.333330 -0.134936 7.143940 -0.489795 0.049295 0.177559 0.135075 0.973549
1.366670 -0.136403 7.306292 -0.515182 0.046271 0.179096 0.140331 0.972672
1.400000 -0.135746 7.466133 -0.530660 0.043940 0.180385 0.145984 0.971709
1.433330 -0.132729 7.623309 -0.535825 0.043745 0.179873 0.150192 0.971172
1.466670 -0.127388 7.777827 -0.530367 0.043848 0.179556 0.152221 0.970910
1.500000 -0.119563 7.929445 -0.514128 0.042492 0.178495 0.156566 0.970475
1.533330 -0.109369 8.078247 -0.487171 0.040740 0.176448 0.163403 0.969797
1.566670 -0.096789 8.224163 -0.449250 0.040971 0.175617 0.170406 0.968732
1.600000 -0.081981 8.366921 -0.400859 0.041260 0.175686 0.175108 0.967868
1.633330 -0.066642 8.506555 -0.342239 0.038977 0.176597 0.180174 0.966867
1.666670 -0.047059 8.643247 -0.273607 0.039833 0.176497 0.185193 0.965901
1.700000 -0.025263 8.777019 -0.195582 0.038738 0.176278 0.190005 0.965051
1.733330 -0.001349 8.907854 -0.108835 0.035318 0.173320 0.199141 0.963875
1.766670 0.024290 9.035636 -0.014102 0.034132 0.170761 0.203096 0.963550
1.800000 0.052125 9.160442 0.087765 0.031825 0.169022 0.206126 0.963292
1.833330 0.081404 9.282298 0.196002 0.028957 0.167978 0.209188 0.962905
1.866670 0.112358 9.401499 0.309763 0.028787 0.164894 0.213354 0.962529
1.900000 0.144388 9.518049 0.427941 0.024369 0.161644 0.215690 0.962681
1.933330 0.177403 9.632160 0.549438 0.023950 0.158886 0.217774 0.962682
1.966670 0.211387 9.743964 0.673333 0.023694 0.156647 0.223439 0.961756
2.000000 0.245962 9.853413 0.798477 0.020262 0.152275 0.228058 0.961453
2.033330 0.281057 9.960531 0.923701 0.018311 0.151198 0.232330 0.960639
2.066670 0.316393 10.065614 1.047855 0.015472 0.148100 0.239511 0.959407
2.100000 0.351761 10.168529 1.169803 0.012283 0.147471 0.242407 0.958822
2.133330 0.386950 10.269485 1.288484 0.011750 0.147098 0.245729 0.958040
2.166670 0.421794 10.368644 1.402969 0.011597 0.145325 0.248314 0.957646
2.200000 0.452120 10.466227 1.512110 0.010405 0.141701 0.252588 0.957085
2.233330 0.403197 10.564557 1.615487 0.012121 0.140837 0.251934 0.957365
2.266670 0.263506 10.640829 1.718608 0.006306 0.139066 0.251876 0.957695
2.300000 0.118435 10.709809 1.763983 -0.002470 0.132157 0.255369 0.957766
2.333330 0.019260 10.799835 1.785329 -0.010696 0.128372 0.257113 0.957757
2.366670 -0.238255 10.942519 1.741333 -0.022635 0.122047 0.255506 0.958806
2.400000 -0.706372 11.300338 1.701073 -0.036076 0.107448 0.263222 0.958054
2.433330 -1.040450 11.608337 1.692293 -0.040667 0.096531 0.270668 0.956957
2.466670 -1.276131 11.767013 1.711945 -0.042982 0.090205 0.274103 0.956495
2.500000 -1.436444 11.950878 1.723732 -0.041589 0.083906 0.280114 0.955388
2.533330 -1.602057 12.138917 1.722439 -0.039248 0.077605 0.285485 0.954429
2.566670 -1.721141 12.296054 1.721976 -0.038820 0.071561 0.289222 0.953794
2.600000 -1.968434 12.465906 1.695151 -0.036823 0.061708 0.295187 0.952733
2.633330 -2.028038 12.589518 1.681777 -0.037299 0.058796 0.297351 0.952226
2.666670 -2.088153 12.712278 1.658823 -0.036313 0.054598 0.299673 0.951786
2.700000 -2.149957 12.832917 1.626628 -0.034824 0.049898 0.302790 0.951113
2.733330 -2.286363 12.987041 1.577993 -0.034405 0.042764 0.308076 0.949777
2.766670 -2.354719 13.103727 1.528721 -0.035577 0.038493 0.310805 0.949027
2.800000 -2.423884 13.219030 1.472259 -0.037426 0.034358 0.314969 0.947741
2.833330 -2.495048 13.332651 1.409539 -0.037730 0.029733 0.317921 0.946899
2.866670 -2.584674 13.452401 1.343091 -0.032223 0.024233 0.323076 0.945514
2.900000 -2.658769 13.562152 1.270886 -0.027324 0.019431 0.327997 0.944084
2.933330 -2.856970 13.700667 1.190502 -0.024580 0.015788 0.332645 0.942600
2.966670 -2.940916 13.810298 1.112052 -0.024589 0.012185 0.338306 0.940636
3.000000 -3.022818 13.914097 1.033156 -0.023586 0.008787 0.340934 0.939750
3.033330 -3.110553 14.103710 0.927237 -0.025758 0.006986 0.345046 0.938206
3.066670 -3.203639 14.256118 0.825295 -0.027758 0.005220 0.349453 0.936528
3.100000 -3.289622 14.357015 0.749146 -0.029034 0.002085 0.354629 0.934554
3.133330 -3.376468 14.455599 0.676518 -0.027315 -0.002682 0.357473 0.933520
3.166670 -3.463825 14.552025 0.608468 -0.025130 -0.006375 0.361285 0.932095
3.200000 -3.552441 14.645807 0.546152 -0.022778 -0.009486 0.364804 0.930757
3.233330 -3.641286 14.737496 0.490405 -0.020175 -0.013561 0.368839 0.929175
3.266660 -3.727991 14.834697 0.440006 -0.017234 -0.017349 0.372877 0.927558
3.300000 -3.817462 14.934971 0.396531 -0.012401 -0.021162 0.375897 0.926337
3.333330 -3.906200 15.024968 0.364430 -0.011489 -0.023019 0.381168 0.924148
3.366660 -3.997291 15.107595 0.342233 -0.009270 -0.026882 0.385428 0.922300
3.400000 -4.088682 15.187673 0.330193 -0.006428 -0.028908 0.388780 0.920855
3.433330 -4.180708 15.264625 0.328639 -0.003405 -0.032343 0.392946 0.918986
3.466660 -4.272689 15.338990 0.337746 -0.000606 -0.035102 0.395996 0.917581
3.500000 -4.359492 15.423970 0.356595 0.001201 -0.036322 0.401169 0.915283
3.533330 -4.443955 15.512193 0.386135 0.000539 -0.039676 0.404378 0.913731
3.566660 -4.532715 15.600918 0.423839 0.001201 -0.042024 0.408382 0.911843
3.600000 -4.624258 15.672526 0.474909 0.002557 -0.046745 0.410685 0.910574
3.633330 -4.714682 15.746813 0.535279 0.004790 -0.051156 0.412532 0.909493
3.666660 -4.797572 15.836937 0.605683 0.007807 -0.054771 0.418277 0.906633
3.700000 -4.896409 15.926403 0.682676 0.010303 -0.057069 0.423852 0.903873
3.733330 -4.994868 15.997856 0.770045 0.012939 -0.058765 0.427123 0.902189
3.766660 -5.089760 16.054086 0.869625 0.017109 -0.061774 0.429676 0.900705
3.800000 -5.185311 16.107440 0.976742 0.020167 -0.064013 0.433486 0.898658
3.833330 -5.281334 16.157941 1.090395 0.024091 -0.065009 0.439175 0.895722
3.866660 -5.368909 16.245562 1.202600 0.028570 -0.065921 0.442452 0.893910
3.900000 -5.465391 16.292164 1.326387 0.032890 -0.066752 0.449709 0.890070
3.933330 -5.562275 16.335872 1.453793 0.036547 -0.067157 0.454967 0.887220
3.966660 -5.659681 16.376621 1.583621 0.042466 -0.068712 0.458884 0.884817
4.000000 -5.757711 16.414508 1.714704 0.046402 -0.070785 0.462052 0.882805
4.033330 -5.856335 16.449544 1.845725 0.048128 -0.071487 0.464748 0.881239
4.066660 -5.955574 16.481788 1.975759 0.049471 -0.070380 0.469819 0.878561
4.100000 -6.064370 16.600793 2.076352 0.050672 -0.072550 0.473996 0.876069
4.133330 -6.170426 16.642037 2.194981 0.053622 -0.074005 0.479798 0.872606
4.166660 -6.281066 16.684605 2.307038 0.057128 -0.075318 0.483134 0.870428
4.200000 -6.392347 16.726901 2.413304 0.058975 -0.074809 0.486298 0.868585
4.233330 -6.502336 16.767590 2.513587 0.061101 -0.072347 0.489712 0.866726
4.266660 -6.612621 16.804773 2.607036 0.064474 -0.075436 0.493794 0.863898
4.300000 -6.733265 16.854446 2.685487 0.065270 -0.077121 0.498000 0.861271
4.333330 -6.844656 16.926750 2.752242 0.067489 -0.076684 0.501151 0.859309
4.366660 -6.953393 16.944377 2.824014 0.070005 -0.078347 0.504917 0.856750
4.400000 -7.062926 16.959617 2.885779 0.073443 -0.075954 0.508629 0.854479
4.433330 -7.173332 16.972416 2.937129 0.075311 -0.076644 0.512240 0.852094
4.466660 -7.284506 16.983012 2.977917 0.076532 -0.076629 0.516195 0.849596
4.500000 -7.396473 16.991227 3.007759 0.079902 -0.076478 0.519275 0.847420
4.533330 -7.509386 16.996999 3.026663 0.079241 -0.077564 0.524081 0.844419
4.566660 -7.623003 17.000602 3.034761 0.082285 -0.076597 0.528301 0.841582
4.600000 -7.737501 17.001688 3.032237 0.084908 -0.075019 0.530180 0.840281
4.633330 -7.852766 17.000435 3.019333 0.086947 -0.073671 0.535138 0.837042
4.666660 -7.968684 16.996767 2.996549 0.088516 -0.071993 0.538720 0.834723
4.700000 -8.085433 16.990492 2.964160 0.092120 -0.069458 0.542594 0.832034
4.733330 -8.202676 16.981530 2.922753 0.092621 -0.069682 0.545863 0.829819
4.766660 -8.320596 16.969886 2.873029 0.096329 -0.069953 0.551064 0.825927
4.800000 -8.438959 16.955632 2.816042 0.098255 -0.066619 0.555394 0.823071
4.833330 -8.557628 16.938596 2.752513 0.100988 -0.065319 0.561465 0.818714
4.866660 -8.676646 16.918980 2.683398 0.102062 -0.064170 0.566822 0.814971
4.900000 -8.795995 16.896672 2.609751 0.101422 -0.062109 0.571117 0.812208
4.933330 -8.915443 16.871515 2.532668 0.104678 -0.062177 0.572846 0.810570
4.966660 -9.034921 16.843460 2.453000 0.107320 -0.060733 0.578546 0.806274
5.000000 -9.154380 16.812325 2.372039 0.109326 -0.059564 0.583661 0.802396
5.033330 -9.273546 16.778019 2.290984 0.112134 -0.057675 0.588696 0.798459
5.066660 -9.392391 16.740352 2.211080 0.112280 -0.054049 0.592239 0.796068
5.100000 -9.510709 16.699928 2.133394 0.114298 -0.050888 0.595840 0.793298
5.133330 -9.628599 16.655886 2.059044 0.116675 -0.048349 0.599745 0.790162
5.166660 -9.745814 16.608591 1.989181 0.117648 -0.045494 0.602043 0.788437
5.200000 -9.862484 16.557954 1.924754 0.115156 -0.045294 0.606275 0.785569
5.233330 -9.978434 16.503873 1.866758 0.114636 -0.041643 0.610225 0.782784
5.266660 -10.093608 16.446240 1.815914 0.116337 -0.037641 0.616139 0.778088
5.300000 -10.203885 16.508525 1.767102 0.113334 -0.037846 0.617502 0.777441
5.333330 -10.323757 16.509102 1.724322 0.114460 -0.035668 0.621119 0.774492
5.366660 -10.448863 16.550308 1.679950 0.114611 -0.034392 0.625392 0.771082
5.400000 -10.567873 16.533187 1.654334 0.113319 -0.030290 0.628049 0.769283
5.433330 -10.686216 16.510445 1.639346 0.113219 -0.028831 0.630812 0.767090
5.466660 -10.797770 16.439678 1.644154 0.114581 -0.024854 0.634115 0.764298
5.500000 -10.944227 16.586924 1.617821 0.113914 -0.019492 0.639022 0.760457
5.533330 -11.101575 16.715449 1.569676 0.110201 -0.015766 0.645553 0.755558
5.566660 -11.219656 16.673901 1.593356 0.111377 -0.013482 0.649302 0.752210
5.600000 -11.329645 16.599634 1.638446 0.112288 -0.010355 0.651145 0.750530
5.633330 -11.476690 16.739378 1.648902 0.108632 -0.009566 0.655294 0.747461
5.666660 -11.623677 16.812586 1.660183 0.107831 -0.005608 0.658941 0.744404
5.700000 -11.748119 16.795303 1.711084 0.108663 -0.003324 0.663110 0.740585
5.733330 -11.870502 16.785738 1.785436 0.105780 -0.002023 0.666370 0.738077
5.766660 -12.002688 16.792910 1.859669 0.101666 0.000440 0.672426 0.733148
5.800000 -12.149495 16.847836 1.922610 0.100081 0.004088 0.676562 0.729541
5.833330 -12.317304 16.966650 1.999069 0.095534 0.006795 0.681759 0.725281
5.866660 -12.446914 16.947140 2.093081 0.094339 0.010414 0.687027 0.720407
5.900000 -12.605215 17.009179 2.187289 0.090952 0.013706 0.690322 0.717632
5.933330 -12.718586 16.934334 2.300944 0.089002 0.018353 0.694746 0.713491
5.966660 -12.854570 16.922346 2.410824 0.085388 0.021702 0.698897 0.709775
6.000000 -12.981068 16.878108 2.522275 0.082370 0.024832 0.702356 0.706608
6.033330 -13.147295 16.924293 2.617267 0.079931 0.026939 0.705879 0.703292
6.066660 -13.262312 16.847098 2.732054 0.079668 0.028981 0.707054 0.702060
6.100000 -13.403131 16.825737 2.837162 0.076700 0.031186 0.709877 0.699442
6.133330 -13.532584 16.774927 2.940473 0.075124 0.031825 0.712902 0.696501
6.166660 -13.675352 16.747585 3.037368 0.074151 0.034525 0.714478 0.694861
6.200000 -13.805903 16.692068 3.130720 0.069319 0.035156 0.717676 0.692026
6.233330 -13.944028 16.648610 3.217552 0.066446 0.034785 0.720832 0.689040
6.266660 -14.089454 16.614750 3.291701 0.063069 0.037948 0.722458 0.687486
6.300000 -14.210743 16.534478 3.367294 0.061410 0.039573 0.727012 0.682727
6.333330 -14.330965 16.449869 3.434235 0.059412 0.042240 0.730093 0.679449
6.366660 -14.452491 16.365335 3.491601 0.053884 0.044073 0.732727 0.676953
6.400000 -14.572916 16.276055 3.539003 0.050389 0.044828 0.735845 0.673783
6.433330 -14.693193 16.184564 3.575930 0.046846 0.045494 0.739455 0.670032
6.466660 -14.813451 16.090995 3.602176 0.044943 0.047529 0.743368 0.665677
6.500000 -14.933538 15.994981 3.617471 0.041819 0.049224 0.746918 0.661771
6.533330 -15.053496 15.896608 3.621753 0.041067 0.051534 0.750673 0.657380
6.566660 -15.173504 15.796175 3.615125 0.037980 0.051913 0.754304 0.653367
6.600000 -15.293484 15.693443 3.597744 0.034742 0.052324 0.758335 0.648832
6.633330 -15.413313 15.588479 3.569839 0.032237 0.054349 0.761547 0.645022
6.666660 -15.532899 15.481014 3.531928 0.030749 0.055526 0.765340 0.640489
6.700000 -15.712024 15.456906 3.478723 0.025587 0.059574 0.768169 0.636956
6.733330 -15.874790 15.409936 3.415251 0.022248 0.062315 0.773621 0.630184
6.766660 -16.028481 15.348666 3.343314 0.017817 0.066777 0.777233 0.625405
6.799990 -16.176493 15.276978 3.264231 0.015159 0.069939 0.779439 0.622378
6.833330 -16.320534 15.197256 3.178775 0.011195 0.069159 0.782927 0.618156
6.866660 -16.461846 15.111665 3.088073 0.008510 0.067242 0.784246 0.616736
6.899990 -16.655508 15.096165 2.978783 0.005108 0.066474 0.788357 0.611595
6.933330 -16.793437 14.999182 2.881451 0.001881 0.065443 0.790331 0.609172
6.966660 -16.928030 14.895948 2.783174 -0.001363 0.065874 0.792818 0.605887
6.999990 -17.061795 14.789565 2.683742 -0.004350 0.065921 0.795354 0.602535
7.033330 -17.194094 14.678020 2.584436 -0.006958 0.064629 0.797567 0.599717
7.066660 -17.329620 14.564774 2.486097 -0.011413 0.062740 0.800588 0.595813
7.099990 -17.465577 14.451339 2.388987 -0.015607 0.062735 0.802044 0.593756
7.133330 -17.590617 14.329479 2.297072 -0.016558 0.060228 0.805372 0.589470
7.166660 -17.714106 14.204042 2.209522 -0.018804 0.062498 0.808172 0.585319
7.199990 -17.853944 14.098849 2.128673 -0.022433 0.063164 0.809962 0.582640
7.233330 -17.996451 13.994656 2.053031 -0.024643 0.062520 0.814245 0.576619
7.266660 -18.126789 13.872892 1.984480 -0.026945 0.061339 0.817555 0.571940
7.299990 -18.263077 13.754733 1.923232 -0.031018 0.059326 0.821102 0.566841
7.333330 -18.410280 13.652485 1.873994 -0.032907 0.060720 0.823743 0.562741
7.366660 -18.569694 13.562329 1.830249 -0.034724 0.060498 0.827856 0.556587
7.399990 -18.701651 13.436564 1.795836 -0.036516 0.059214 0.830733 0.552306
7.433330 -18.821048 13.294667 1.773634 -0.038822 0.057817 0.833304 0.548410
7.466660 -18.943280 13.154362 1.761323 -0.041543 0.056554 0.835490 0.545007
7.499990 -19.067256 13.014874 1.758771 -0.045218 0.054016 0.837767 0.541465
7.533330 -19.185988 12.868292 1.767810 -0.045827 0.053933 0.840172 0.537682
7.566660 -19.415775 12.866034 1.782422 -0.049625 0.050021 0.843067 0.533172
7.599990 -19.542553 12.725352 1.813775 -0.053279 0.047693 0.846169 0.528096
7.633330 -19.664620 12.577731 1.853740 -0.058116 0.044642 0.848611 0.523917
7.666660 -19.780896 12.421610 1.904929 -0.059357 0.044861 0.851928 0.518346
7.699990 -19.895734 12.262332 1.965713 -0.061974 0.043310 0.854734 0.513530
7.733330 -20.009953 12.100618 2.035337 -0.063353 0.039539 0.857351 0.509286
7.766660 -20.124175 11.937659 2.113155 -0.064854 0.037791 0.860204 0.504396
7.799990 -20.236455 11.771243 2.198138 -0.064138 0.035365 0.862709 0.500369
7.833330 -20.347637 11.602234 2.289538 -0.067369 0.032005 0.864885 0.496398
7.866660 -20.457849 11.430724 2.386452 -0.069094 0.027830 0.866044 0.494387
7.899990 -20.568739 11.258490 2.487877 -0.068282 0.025213 0.867652 0.491814
7.933330 -20.677128 11.082092 2.592681 -0.069298 0.023903 0.870877 0.486004
7.966660 -20.784539 10.903199 2.699575 -0.069149 0.021841 0.873122 0.482077
7.999990 -20.891048 10.722066 2.807335 -0.069026 0.020250 0.875606 0.477640
8.033330 -21.159937 10.714469 2.904343 -0.070014 0.014910 0.877947 0.473376
8.066660 -21.294565 10.565255 3.004923 -0.070587 0.012247 0.879613 0.470263
8.099990 -21.411793 10.394822 3.106427 -0.068560 0.010218 0.882382 0.465401
8.133330 -21.540209 10.248543 3.198758 -0.069739 0.009561 0.884666 0.460882
8.166660 -21.750051 10.240055 3.264589 -0.068927 0.009190 0.887436 0.455655
8.200000 -21.859924 10.057260 3.354097 -0.069372 0.007837 0.888176 0.454169
8.233330 -21.969035 9.872959 3.437159 -0.069172 0.005041 0.891238 0.448202
8.266660 -22.077682 9.692513 3.511625 -0.069114 0.002349 0.893479 0.443748
8.300000 -22.186454 9.516544 3.576847 -0.069215 -0.000031 0.896295 0.438024
8.333330 -22.375858 9.452398 3.617868 -0.070026 -0.002453 0.898680 0.432972
8.366660 -22.487902 9.286913 3.661145 -0.068286 -0.005216 0.900120 0.430224
8.400000 -22.599139 9.119835 3.695203 -0.066965 -0.007838 0.902114 0.426197
8.433330 -22.704011 8.933887 3.721870 -0.064654 -0.009685 0.903240 0.424126
8.466670 -22.807524 8.750850 3.737174 -0.065078 -0.014522 0.905933 0.418138
8.500000 -22.912805 8.576555 3.740679 -0.065186 -0.017951 0.907435 0.414718
8.533330 -23.087963 8.477675 3.723585 -0.064326 -0.018653 0.909129 0.411095
8.566670 -23.191882 8.291222 3.706122 -0.062803 -0.020942 0.910837 0.407423
8.600000 -23.295341 8.104250 3.678078 -0.063166 -0.024465 0.912267 0.403957
8.633340 -23.397513 7.920624 3.639430 -0.059928 -0.024431 0.914192 0.400081
8.666670 -23.579064 7.828097 3.581340 -0.057640 -0.026620 0.916245 0.395554
8.700000 -23.682982 7.655907 3.521095 -0.055465 -0.027459 0.918666 0.390157
8.733340 -23.785854 7.473082 3.453193 -0.053616 -0.029326 0.920959 0.384838
8.766670 -23.974808 7.466933 3.360332 -0.054007 -0.030545 0.923282 0.379078
8.800000 -24.074849 7.304900 3.272498 -0.051271 -0.033462 0.924709 0.375720
8.833340 -24.218259 7.250944 3.181605 -0.051754 -0.035199 0.926336 0.371463
8.866670 -24.315071 7.076486 3.086635 -0.050788 -0.037144 0.927807 0.367716
8.900010 -24.485135 6.970845 2.980826 -0.050468 -0.039203 0.930292 0.361211
8.933340 -24.586002 6.785701 2.877766 -0.048342 -0.042976 0.931577 0.357743
8.966670 -24.762626 6.681078 2.766889 -0.046227 -0.044626 0.933149 0.353700
9.000010 -24.862857 6.500451 2.659974 -0.045368 -0.045831 0.935096 0.348476
9.033340 -24.986558 6.351165 2.548322 -0.041009 -0.046537 0.937279 0.343018
9.066670 -25.085839 6.165200 2.442489 -0.038074 -0.050800 0.938998 0.338013
9.100010 -25.215396 6.023388 2.332437 -0.036536 -0.051188 0.940777 0.333143
9.133340 -25.310384 5.846718 2.230852 -0.034674 -0.053013 0.941972 0.329659
9.166680 -25.417229 5.671483 2.132333 -0.028829 -0.053606 0.944045 0.324151
9.200010 -25.514951 5.490546 2.040288 -0.026018 -0.052943 0.945492 0.320257
9.233340 -25.610887 5.301558 1.955662 -0.022816 -0.054214 0.947712 0.313660
9.266680 -25.704582 5.110401 1.878576 -0.021046 -0.055573 0.948653 0.310687
9.300010 -25.815277 4.936025 1.806654 -0.017776 -0.057623 0.950071 0.306152
9.333340 -25.915118 4.757124 1.745016 -0.014210 -0.059626 0.951689 0.300882
9.366680 -26.021344 4.582319 1.692081 -0.009377 -0.060437 0.953427 0.295359
9.400010 -26.112717 4.416582 1.650366 -0.004646 -0.063622 0.954324 0.291883
9.433350 -26.202800 4.223666 1.620140 0.000034 -0.064517 0.955493 0.287874
9.466680 -26.290135 4.028721 1.600683 0.005796 -0.066234 0.956191 0.285094
9.500010 -26.392694 3.864686 1.591359 0.007908 -0.068493 0.957447 0.280254
9.533350 -26.477807 3.668437 1.593831 0.012357 -0.071111 0.958638 0.275324
9.566680 -26.561327 3.470625 1.607166 0.014803 -0.073575 0.959884 0.270168
9.600010 -26.650567 3.280826 1.631736 0.018030 -0.075186 0.961473 0.263802
9.633350 -26.731042 3.091450 1.666021 0.020982 -0.077376 0.962864 0.257809
9.666680 -26.813442 2.902800 1.709279 0.021923 -0.077259 0.963330 0.256018
9.700020 -26.906569 2.715346 1.763946 0.025053 -0.078576 0.964263 0.251783
9.733350 -26.983538 2.521757 1.826436 0.029992 -0.080680 0.964924 0.248016
9.766680 -27.059520 2.316747 1.897382 0.033000 -0.082467 0.966411 0.241163
9.800020 -27.135116 2.110771 1.975849 0.036076 -0.083000 0.967373 0.236639
9.833350 -27.218183 1.912348 2.062682 0.038528 -0.083989 0.969061 0.228871
9.866680 -27.292691 1.709368 2.153974 0.040843 -0.083239 0.970350 0.223212
9.900020 -27.359006 1.534218 2.247297 0.041650 -0.084490 0.971657 0.216815
9.933350 -27.429580 1.324504 2.345488 0.044507 -0.086512 0.972755 0.210432
9.966690 -27.498758 1.113419 2.446093 0.047531 -0.085009 0.973840 0.205306
10.000000 -27.566966 0.901680 2.547931 0.049470 -0.083765 0.974147 0.203894
10.033400 -27.660467 0.702510 2.650736 0.053923 -0.083075 0.975154 0.198153
10.066700 -27.726414 0.489164 2.751662 0.058666 -0.083670 0.976293 0.190812
10.100000 -27.798854 0.286218 2.851290 0.062605 -0.085258 0.977181 0.184200
10.133400 -27.863488 0.071171 2.947057 0.065655 -0.084890 0.978323 0.177109
10.166700 -27.927014 -0.143555 3.038159 0.066606 -0.083592 0.979190 0.172522
10.200000 -28.014266 -0.345508 3.123484 0.068909 -0.081863 0.979636 0.169892
10.233400 -28.086055 -0.554055 3.202296 0.069932 -0.079144 0.980536 0.165513
10.266700 -28.149286 -0.768737 3.274515 0.073532 -0.076914 0.981287 0.160476
10.300000 -28.208151 -0.984922 3.338829 0.076055 -0.079099 0.981695 0.155672
10.333400 -28.287755 -1.192267 3.393093 0.081206 -0.077861 0.982599 0.147795
10.366700 -28.352116 -1.404990 3.438241 0.083728 -0.077420 0.983238 0.142262
10.400000 -28.409695 -1.620952 3.474166 0.082928 -0.076988 0.984429 0.134519
10.433400 -28.464625 -1.838090 3.499846 0.087770 -0.075926 0.984642 0.130430
10.466700 -28.518179 -2.054588 3.514895 0.089158 -0.075574 0.985077 0.126344
10.500000 -28.570476 -2.271117 3.519174 0.091212 -0.074067 0.985644 0.121245
10.533400 -28.689944 -2.463068 3.506154 0.094190 -0.069807 0.986125 0.117527
10.566700 -28.765472 -2.663958 3.480435 0.097562 -0.065031 0.986898 0.110838
10.600000 -28.822799 -2.873949 3.449521 0.099873 -0.062280 0.987528 0.104570
10.633400 -28.956740 -3.048634 3.384742 0.102573 -0.060502 0.988047 0.097885
10.666700 -29.008500 -3.261879 3.335779 0.105056 -0.056806 0.988699 0.090612
10.700000 -29.058528 -3.475145 3.277313 0.106886 -0.056001 0.989063 0.084821
10.733400 -29.157432 -3.687338 3.195601 0.107250 -0.054104 0.989490 0.080498
10.766700 -29.219263 -3.899964 3.116456 0.107776 -0.051965 0.990061 0.073916
10.800000 -29.268684 -4.112404 3.033353 0.110570 -0.048985 0.990252 0.069105
10.833400 -29.327307 -4.331790 2.946685 0.111801 -0.046084 0.990617 0.063676
10.866700 -29.374445 -4.544558 2.852093 0.113444 -0.042678 0.990825 0.059798
10.900000 -29.419188 -4.769958 2.757215 0.113148 -0.042120 0.991074 0.056531
10.933400 -29.463753 -4.983794 2.654682 0.111706 -0.039166 0.991670 0.050776
10.966700 -29.517476 -5.195350 2.549234 0.111717 -0.037042 0.991899 0.047786
11.000000 -29.558451 -5.412833 2.443232 0.110975 -0.033462 0.992378 0.041846
11.033400 -29.602228 -5.627610 2.338297 0.112420 -0.033570 0.992441 0.035996
11.066700 -29.642641 -5.842087 2.234376 0.111140 -0.032281 0.992819 0.030253
11.100000 -29.679928 -6.057427 2.132770 0.109765 -0.029520 0.993197 0.025312
11.133400 -29.718998 -6.267614 2.032401 0.110284 -0.025508 0.993352 0.020964
11.166700 -29.752840 -6.483690 1.938802 0.110565 -0.021388 0.993528 0.014806
11.200000 -29.783148 -6.699711 1.851357 0.111325 -0.018152 0.993567 0.010083
11.233400 -29.814348 -6.916826 1.769171 0.110861 -0.016474 0.993685 0.005433
11.266700 -29.840979 -7.129383 1.695941 0.110771 -0.015052 0.993732 0.000225
11.300000 -29.868062 -7.347591 1.629827 0.107562 -0.010264 0.994132 -0.005149
11.333400 -29.894264 -7.566801 1.572551 0.107264 -0.006416 0.994145 -0.011341
11.366700 -29.917772 -7.785891 1.524990 0.104179 -0.003762 0.994375 -0.018721
11.400000 -29.935314 -7.995788 1.486904 0.101723 -0.001071 0.994555 -0.022625
11.433400 -29.947493 -8.198547 1.462430 0.098419 -0.001009 0.994726 -0.028877
11.466700 -29.959624 -8.403296 1.448069 0.096632 0.000444 0.994695 -0.035259
11.500000 -29.961932 -8.585794 1.444002 0.094144 0.004676 0.994683 -0.041475
11.533400 -29.975499 -8.803389 1.450123 0.090537 0.007163 0.994719 -0.047817
11.566700 -29.987353 -9.020832 1.467311 0.087200 0.008979 0.994664 -0.054393
11.600000 -29.997346 -9.238685 1.495353 0.084772 0.009564 0.994683 -0.057695
11.633400 -30.005677 -9.457564 1.534098 0.081386 0.009415 0.994704 -0.062060
11.666700 -30.003658 -9.661375 1.581585 0.079653 0.013431 0.994484 -0.066914
11.700000 -30.008493 -9.878636 1.639804 0.077106 0.014535 0.994380 -0.071080
11.733400 -30.012196 -10.097378 1.706821 0.075293 0.015129 0.994177 -0.075590
11.766700 -30.012959 -10.315813 1.781837 0.075079 0.016388 0.993739 -0.081099
11.800000 -30.013388 -10.534311 1.864379 0.073073 0.018257 0.993444 -0.085996
11.833400 -30.012147 -10.753421 1.953757 0.070490 0.020012 0.993179 -0.090693
11.866700 -30.010822 -10.964023 2.036497 0.068556 0.022026 0.992723 -0.096521
11.900000 -29.982602 -11.101199 2.141974 0.063949 0.024849 0.992356 -0.102580
11.933400 -29.977068 -11.315467 2.244573 0.063012 0.025538 0.991935 -0.106972
11.966700 -29.969733 -11.528782 2.349271 0.060301 0.024691 0.991622 -0.111532
12.000000 -29.961824 -11.741810 2.454971 0.058302 0.024607 0.991158 -0.116621
12.033400 -29.950016 -11.955066 2.560970 0.053360 0.025558 0.990624 -0.123139
12.066700 -29.940183 -12.167066 2.665419 0.050883 0.027218 0.990134 -0.127691
12.100000 -29.925407 -12.378317 2.767738 0.047514 0.027456 0.989686 -0.132329
12.133400 -29.909106 -12.589571 2.866729 0.044425 0.028783 0.988847 -0.139211
12.166700 -29.891418 -12.799487 2.960960 0.038468 0.029333 0.988190 -0.145397
12.200000 -29.873905 -13.008727 3.049523 0.035972 0.029960 0.987565 -0.150081
12.233400 -29.853687 -13.217936 3.131986 0.031957 0.030992 0.986820 -0.155576
12.266700 -29.758141 -13.415685 3.199607 0.029432 0.029978 0.986173 -0.160304
12.300100 -29.726156 -13.616831 3.266050 0.026487 0.030989 0.985296 -0.165923
12.333400 -29.694565 -13.821472 3.323722 0.022116 0.030452 0.984103 -0.173566
12.366700 -29.663489 -14.025140 3.371972 0.017521 0.032256 0.983161 -0.179019
12.400100 -29.620947 -14.222040 3.410801 0.015887 0.031300 0.982396 -0.183483
12.433400 -29.575281 -14.415362 3.438089 0.011952 0.033555 0.981564 -0.187783
12.466700 -29.540112 -14.615195 3.455198 0.006647 0.032393 0.980406 -0.194190
12.500100 -29.503344 -14.814406 3.461554 0.003895 0.031784 0.979295 -0.199892
12.533400 -29.455576 -15.005238 3.455110 0.001645 0.030914 0.978081 -0.205909
12.566700 -29.415675 -15.200987 3.439634 -0.000010 0.030998 0.976805 -0.211876
12.600100 -29.374754 -15.396212 3.413461 -0.001977 0.031942 0.975348 -0.218341
12.633400 -29.332880 -15.589628 3.376887 -0.005939 0.033326 0.973807 -0.224842
12.666700 -29.272919 -15.772502 3.330747 -0.007119 0.033241 0.973046 -0.228094
12.700100 -29.228857 -15.955842 3.275068 -0.009854 0.031217 0.972062 -0.232431
12.733400 -29.181454 -16.137889 3.210313 -0.014839 0.029806 0.970632 -0.238252
12.766700 -29.131065 -16.323487 3.136275 -0.019224 0.027444 0.969228 -0.243872
12.800100 -29.080984 -16.509383 3.055020 -0.020320 0.025936 0.967638 -0.250181
12.833400 -29.031022 -16.694718 2.968022 -0.021995 0.027496 0.966732 -0.253355
12.866700 -28.967780 -16.877151 2.877957 -0.024026 0.024841 0.966135 -0.255711
12.900100 -28.914321 -17.060512 2.780717 -0.026188 0.024367 0.964419 -0.261947
12.933400 -28.860084 -17.242287 2.680144 -0.027156 0.022830 0.963226 -0.266342
12.966700 -28.803664 -17.422675 2.577124 -0.029010 0.021159 0.962042 -0.270530
13.000100 -28.745368 -17.602426 2.472546 -0.033406 0.019079 0.961318 -0.272740
13.033400 -28.694699 -17.782791 2.368570 -0.035963 0.016291 0.960131 -0.276747
13.066700 -28.636539 -17.960473 2.265871 -0.040045 0.013944 0.958841 -0.280760
13.100100 -28.573496 -18.136606 2.164960 -0.042818 0.010589 0.957309 -0.285683
13.133400 -28.508965 -18.311260 2.067775 -0.044102 0.010050 0.955597 -0.291185
13.166700 -28.442531 -18.484689 1.974951 -0.045531 0.009064 0.953937 -0.296394
13.200100 -28.373947 -18.657519 1.887307 -0.047196 0.005292 0.951733 -0.303230
13.233400 -28.303575 -18.828701 1.806428 -0.050473 0.003523 0.950659 -0.306084
13.266700 -28.231317 -18.998617 1.732916 -0.050208 0.001340 0.948925 -0.311477
13.300100 -28.156751 -19.167706 1.667144 -0.052578 -0.000457 0.946943 -0.317071
13.333400 -28.080266 -19.335160 1.610295 -0.057515 -0.003996 0.945176 -0.321431
13.366700 -28.001687 -19.501467 1.562852 -0.060398 -0.004558 0.943356 -0.326206
13.400100 -27.921108 -19.667239 1.525077 -0.061400 -0.007517 0.942084 -0.329624
13.433400 -27.838790 -19.831373 1.497813 -0.063423 -0.010136 0.940709 -0.333078
13.466700 -27.754369 -19.994420 1.481209 -0.065425 -0.011676 0.939259 -0.336713
13.500100 -27.667559 -20.156740 1.475365 -0.066796 -0.015756 0.937429 -0.341346
13.533400 -27.579118 -20.317456 1.480642 -0.068351 -0.017804 0.935889 -0.345141
13.566700 -27.488988 -20.477069 1.496771 -0.071645 -0.018838 0.933514 -0.350806
13.600100 -27.396276 -20.635962 1.523471 -0.073666 -0.020416 0.932204 -0.353769
13.633400 -27.302335 -20.793260 1.560275 -0.075147 -0.023332 0.930343 -0.358149
13.666700 -27.206808 -20.949379 1.606958 -0.077199 -0.024639 0.927378 -0.365244
13.700100 -27.109735 -21.104754 1.663187 -0.076979 -0.027320 0.924969 -0.371161
13.733400 -27.011307 -21.258291 1.728076 -0.077800 -0.028817 0.922729 -0.376414
13.766700 -26.910720 -21.410222 1.801124 -0.078458 -0.031718 0.920620 -0.381178
13.800100 -26.710140 -21.515130 1.890344 -0.081000 -0.032757 0.918552 -0.385524
13.833400 -26.604432 -21.663314 1.977202 -0.082033 -0.036216 0.916696 -0.389394
13.866700 -26.497322 -21.810203 2.069360 -0.081932 -0.039461 0.914695 -0.393780
13.900100 -26.388629 -21.956260 2.166132 -0.082395 -0.041777 0.912950 -0.397477
13.933400 -26.278857 -22.100392 2.265942 -0.080921 -0.043041 0.910785 -0.402580
13.966700 -26.167775 -22.243253 2.367862 -0.078324 -0.046906 0.909715 -0.405073
14.000100 -26.010525 -22.319787 2.471947 -0.079005 -0.046998 0.907228 -0.410472
14.033400 -25.907241 -22.418738 2.575474 -0.080041 -0.048384 0.904834 -0.415364
14.066700 -25.792533 -22.540878 2.677414 -0.077909 -0.051839 0.902262 -0.420912
14.100100 -25.674821 -22.618892 2.777901 -0.075150 -0.051982 0.900238 -0.425701
14.133400 -25.557065 -22.748739 2.873832 -0.074476 -0.053836 0.898197 -0.429881
14.166700 -25.438171 -22.877070 2.965187 -0.074172 -0.055680 0.895367 -0.435565
14.200100 -25.311805 -22.994262 3.052008 -0.073024 -0.058888 0.892709 -0.440761
14.233400 -25.205015 -23.081819 3.132973 -0.073352 -0.059435 0.889461 -0.447154
14.266700 -25.086420 -23.197129 3.205669 -0.071463 -0.059094 0.886588 -0.453170
14.300100 -24.975772 -23.309946 3.270694 -0.069358 -0.058746 0.884385 -0.457822
14.333400 -24.849497 -23.424022 3.326128 -0.066895 -0.061277 0.882794 -0.460918
14.366700 -24.724849 -23.538763 3.371863 -0.067028 -0.062861 0.880433 -0.465181
14.400100 -24.600301 -23.653253 3.407559 -0.065163 -0.065382 0.877925 -0.469815
14.433400 -24.475316 -23.765574 3.432741 -0.061902 -0.064684 0.875907 -0.474100
14.466700 -24.346623 -23.863412 3.449211 -0.058214 -0.067283 0.871781 -0.481750
14.500100 -24.216868 -23.939443 3.458009 -0.057462 -0.070981 0.869405 -0.485586
14.533400 -24.097458 -24.032374 3.450326 -0.057838 -0.071961 0.866490 -0.490583
14.566700 -23.973985 -24.129504 3.431914 -0.055929 -0.071427 0.863943 -0.495350
14.600100 -23.845480 -24.231066 3.402705 -0.054078 -0.070982 0.861926 -0.499120
14.633400 -23.716582 -24.330636 3.362989 0.051119 0.071352 -0.859587 0.503394
14.666700 -23.586280 -24.427923 3.313143 0.050796 0.072051 -0.857275 0.507255
14.700100 -23.489867 -24.471575 3.258237 0.048592 0.071839 -0.854808 0.511646
14.733400 -23.360064 -24.563942 3.190141 0.047057 0.073073 -0.851630 0.516886
14.766800 -23.228307 -24.653600 3.113645 0.043039 0.073106 -0.848247 0.522761
14.800100 -23.097039 -24.741964 3.029878 0.040242 0.071719 -0.846268 0.526372
14.833400 -22.965459 -24.828832 2.939517 0.038288 0.072001 -0.843667 0.530637
14.866800 -22.810612 -24.884866 2.848416 0.032916 0.072265 -0.841035 0.535120
14.900100 -22.708504 -24.923802 2.753619 0.031865 0.070883 -0.838710 0.539004
14.933400 -22.573677 -25.000214 2.650478 0.028336 0.072680 -0.835378 0.544113
14.966800 -22.438615 -25.076611 2.544616 0.027611 0.071455 -0.833454 0.547254
15.000100 -22.303519 -25.150963 2.437926 0.023547 0.072140 -0.830012 0.552559
15.033400 -22.168156 -25.223775 2.331172 0.022120 0.071527 -0.827831 0.555959
15.066800 -22.030916 -25.294583 2.225206 0.016240 0.072254 -0.825105 0.560105
15.100100 -21.893300 -25.363204 2.121761 0.013390 0.070956 -0.824683 0.560967
15.133400 -21.754976 -25.429938 2.021605 0.009481 0.069390 -0.821899 0.565312
15.166800 -21.615442 -25.494707 1.925598 0.007250 0.069165 -0.817718 0.571402
15.200100 -21.475340 -25.557599 1.835332 0.002498 0.066659 -0.815566 0.574806
15.233400 -21.332741 -25.613829 1.751817 0.000978 0.067412 -0.812573 0.578947
15.266800 -21.188746 -25.669820 1.674947 -0.002407 0.068535 -0.809688 0.582840
15.300100 -21.045685 -25.726658 1.606380 -0.004743 0.066888 -0.807158 0.586515
15.333400 -20.901750 -25.781483 1.546636 -0.009483 0.066576 -0.804699 0.589862
15.366800 -20.756527 -25.835022 1.496416 -0.008389 0.066477 -0.801559 0.594150
15.400100 -20.610893 -25.886523 1.456495 -0.010091 0.065549 -0.798332 0.598554
15.433400 -20.450281 -25.901151 1.427602 -0.011589 0.064045 -0.794293 0.604039
15.466800 -20.298094 -25.934300 1.409942 -0.014562 0.062975 -0.792527 0.606402
15.500100 -20.152703 -25.954064 1.403644 -0.017906 0.062109 -0.789276 0.610627
15.533400 -20.003241 -25.995241 1.406903 -0.020108 0.061940 -0.786358 0.614329
15.566800 -19.852388 -26.034950 1.421112 -0.020773 0.061874 -0.784635 0.616513
15.600100 -19.700519 -26.071790 1.446064 -0.022124 0.061385 -0.781766 0.620149
15.633400 -19.548342 -26.108501 1.481520 -0.023483 0.060893 -0.777609 0.625352
15.666800 -19.395048 -26.144016 1.527086 -0.024622 0.058503 -0.774138 0.629827
15.700100 -19.241507 -26.177981 1.582114 -0.026834 0.056380 -0.772658 0.631744
15.733400 -19.087389 -26.210521 1.646062 -0.028729 0.054352 -0.770184 0.634852
15.766800 -18.932372 -26.241976 1.718538 -0.032602 0.051879 -0.766892 0.638845
15.800100 -18.777224 -26.271775 1.798256 -0.036956 0.049915 -0.762334 0.644197
15.833400 -18.621432 -26.300183 1.884519 -0.039773 0.046112 -0.759712 0.647402
15.866800 -18.464522 -26.327269 1.976632 -0.041415 0.044254 -0.756175 0.651557
15.900100 -18.307720 -26.353116 2.072998 -0.043875 0.039575 -0.753738 0.654514
15.933400 -18.150428 -26.377060 2.172888 -0.045823 0.037448 -0.749934 0.658860
15.966800 -17.992261 -26.399603 2.275524 -0.048636 0.036120 -0.747355 0.661658
16.000100 -17.834177 -26.420631 2.378948 -0.053921 0.032656 -0.743290 0.665993
16.033400 -17.675764 -26.439923 2.482401 -0.054221 0.027110 -0.738191 0.671863
16.066800 -17.516594 -26.457460 2.585223 -0.057861 0.024176 -0.734357 0.675861
16.100100 -17.357667 -26.473192 2.685657 -0.058517 0.021485 -0.731388 0.679106
16.133400 -17.198921 -26.488585 2.782787 -0.058788 0.018491 -0.729112 0.681614
16.166800 -17.039241 -26.501327 2.875939 -0.060201 0.016069 -0.724968 0.685958
16.200100 -16.879887 -26.512007 2.963457 -0.061641 0.012935 -0.722160 0.688853
16.233400 -16.720622 -26.521199 3.044719 -0.061855 0.009775 -0.719082 0.692098
16.266800 -16.561059 -26.528499 3.118905 -0.061392 0.005660 -0.716273 0.695092
16.300100 -16.402235 -26.534512 3.184553 -0.062487 0.001619 -0.712626 0.698754
16.333400 -16.243157 -26.537911 3.241646 -0.063037 -0.000186 -0.708780 0.702607
16.366800 -16.083973 -26.540872 3.289065 -0.062352 -0.005230 -0.705502 0.705941
16.400100 -15.925057 -26.540731 3.326605 -0.062885 -0.009210 -0.701850 0.709483
16.433400 -15.766153 -26.538865 3.354011 -0.062778 -0.011855 -0.698814 0.712445
16.466800 -15.606643 -26.535253 3.370757 -0.063019 -0.014994 -0.695809 0.715300
16.500100 -15.447753 -26.529873 3.376616 -0.063600 -0.017917 -0.691931 0.718933
16.533400 -15.289105 -26.522850 3.371617 -0.064215 -0.023738 -0.688836 0.721677
16.566800 -15.130044 -26.514094 3.355767 -0.067190 -0.026003 -0.684019 0.725898
16.600100 -14.971546 -26.503430 3.329423 -0.066957 -0.031269 -0.680188 0.729304
16.633400 -14.813215 -26.490923 3.292744 -0.067617 -0.032777 -0.676907 0.732223
16.666800 -14.653358 -26.432224 3.219772 -0.070685 -0.041401 -0.674747 0.733489
16.700100 -14.494224 -26.360626 3.155667 -0.071726 -0.044626 -0.671847 0.735857
16.733400 -14.336289 -26.338126 3.089772 -0.071892 -0.046547 -0.667179 0.739958
16.766800 -14.178056 -26.311517 3.015448 -0.073319 -0.049070 -0.662234 0.744085
16.800100 -14.020559 -26.282148 2.934106 -0.073724 -0.051446 -0.658405 0.747276
16.833400 -13.863596 -26.240505 2.846636 -0.073005 -0.055219 -0.653392 0.751465
16.866800 -13.706138 -26.211389 2.753807 -0.072449 -0.057423 -0.649402 0.754806
16.900100 -13.557272 -26.091687 2.659741 -0.072546 -0.059952 -0.646167 0.757371
16.933400 -13.401158 -26.056990 2.559603 -0.071301 -0.061989 -0.641166 0.761564
16.966800 -13.244986 -26.018754 2.457072 -0.073075 -0.065162 -0.637981 0.763802
17.000100 -13.108914 -25.959933 2.359631 -0.072193 -0.065433 -0.632794 0.768166
17.033400 -12.954370 -25.919870 2.256646 -0.069767 -0.069157 -0.628271 0.771768
17.066700 -12.800363 -25.877855 2.155009 -0.067988 -0.070611 -0.623725 0.775473
17.100100 -12.640528 -25.762144 2.058900 -0.065338 -0.073026 -0.620624 0.777961
17.133400 -12.487231 -25.715048 1.963203 -0.064266 -0.073777 -0.617167 0.780725
17.166700 -12.334505 -25.666421 1.871993 -0.063632 -0.075078 -0.614507 0.782749
17.200100 -12.182105 -25.614018 1.786220 -0.060837 -0.076752 -0.610048 0.786289
17.233400 -12.030467 -25.560899 1.707385 -0.057336 -0.077579 -0.605460 0.790008
17.266700 -11.883477 -25.483055 1.635927 -0.055722 -0.078035 -0.601119 0.793386
17.300100 -11.732172 -25.426713 1.572306 -0.057258 -0.080407 -0.596964 0.796172
17.333400 -11.584569 -25.314513 1.519829 -0.053005 -0.081615 -0.594207 0.798403
17.366700 -11.313298 -25.238601 1.474645 -0.053098 -0.085211 -0.589483 0.801517
17.400100 -11.143062 -25.172868 1.440128 -0.051692 -0.087548 -0.584517 0.804986
17.433400 -10.989319 -25.107532 1.415937 -0.049649 -0.089546 -0.580957 0.807469
17.466700 -10.836278 -25.040685 1.402528 -0.047745 -0.089967 -0.575977 0.811096
17.500100 -10.683684 -24.971865 1.400032 -0.047431 -0.090540 -0.571820 0.813987
17.533400 -10.532300 -24.901820 1.408471 -0.044472 -0.094499 -0.567669 0.816605
17.566700 -10.381797 -24.830248 1.427727 -0.044166 -0.096041 -0.563861 0.819076
17.600100 -10.231967 -24.756085 1.457909 -0.043329 -0.097630 -0.558151 0.822836
17.633400 -10.083342 -24.680192 1.498543 -0.043479 -0.099061 -0.552833 0.826240
17.666700 -9.935541 -24.602325 1.549217 -0.041152 -0.097351 -0.549418 0.828836
17.700100 -9.788073 -24.522249 1.609546 -0.039975 -0.099275 -0.544323 0.832021
17.733400 -9.641753 -24.440137 1.678509 -0.037747 -0.100354 -0.540220 0.834665
17.766700 -9.496384 -24.355851 1.755635 -0.035318 -0.101768 -0.536200 0.837189
17.800100 -9.351533 -24.269174 1.840349 -0.033859 -0.102368 -0.530399 0.840863
17.833400 -9.206931 -24.183603 1.931275 -0.028487 -0.104817 -0.525995 0.843523
17.866700 -9.064439 -24.092999 2.027634 -0.027500 -0.104214 -0.522698 0.845677
17.900100 -8.922295 -23.999953 2.128679 -0.026796 -0.104220 -0.516233 0.849661
17.933400 -8.783176 -23.900992 2.233137 -0.023096 -0.103752 -0.513186 0.851670
17.966700 -8.643449 -23.804251 2.339538 -0.021185 -0.103407 -0.509006 0.854267
18.000100 -8.504441 -23.705356 2.447397 -0.017856 -0.103067 -0.503191 0.857821
18.033400 -8.367025 -23.605072 2.554983 -0.016028 -0.101497 -0.500252 0.859761
18.066700 -8.230574 -23.503020 2.661514 -0.013809 -0.102542 -0.493624 0.863499
18.100100 -8.096465 -23.395156 2.766183 -0.012968 -0.100667 -0.491083 0.865179
18.133400 -7.962331 -23.289700 2.866891 -0.008839 -0.099727 -0.485068 0.868726
18.166700 -7.831708 -23.177933 2.963333 -0.008581 -0.099346 -0.480472 0.871323
18.200100 -7.699350 -23.068901 3.054258 -0.007729 -0.098060 -0.477206 0.873269
18.233400 -7.569835 -22.955998 3.138624 -0.004750 -0.095212 -0.470384 0.877298
18.266700 -7.439750 -22.844384 3.215443 -0.004075 -0.093147 -0.464404 0.880702
18.300100 -7.313389 -22.726107 3.284357 -0.000683 -0.091901 -0.458103 0.884135
18.333400 -7.187300 -22.608391 3.344069 0.000732 -0.087490 -0.456148 0.885593
18.366700 -7.060227 -22.492311 3.393978 0.003850 -0.085252 -0.449288 0.889302
18.400100 -6.949997 -22.354797 3.455851 0.007551 -0.075717 -0.444789 0.892397
18.433400 -6.825216 -22.235817 3.486404 0.011497 -0.075532 -0.441737 0.893885
18.466700 -6.701605 -22.115324 3.506330 0.013676 -0.072446 -0.437186 0.896344
18.500100 -6.578484 -21.993309 3.515216 0.017064 -0.069436 -0.433054 0.898528
18.533400 -6.456537 -21.870369 3.512979 0.019831 -0.064290 -0.427242 0.901631
18.566700 -6.335542 -21.746266 3.499747 0.020659 -0.058807 -0.424070 0.903482
18.600100 -6.220333 -21.614119 3.483401 0.020353 -0.055914 -0.418985 0.906041
18.633400 -6.101753 -21.487501 3.449149 0.020669 -0.053279 -0.414325 0.908333
18.666700 -5.984303 -21.359762 3.404808 0.023684 -0.050805 -0.410816 0.909994
18.700100 -5.867413 -21.230585 3.350863 0.023365 -0.047442 -0.408651 0.911158
18.733400 -5.750264 -21.109758 3.285550 0.024623 -0.046143 -0.402933 0.913734
18.766700 -5.639838 -20.979704 3.214361 0.025379 -0.042022 -0.398050 0.916049
18.800100 -5.525963 -20.847327 3.135797 0.026868 -0.039667 -0.394761 0.917534
18.833400 -5.413715 -20.713824 3.051063 0.027680 -0.038498 -0.388841 0.920084
18.866700 -5.302601 -20.579085 2.960566 0.030678 -0.033954 -0.382505 0.922820
18.900100 -5.200537 -20.441172 2.864614 0.032603 -0.032063 -0.377484 0.924886
18.933400 -5.091342 -20.304697 2.766286 0.032758 -0.028988 -0.371581 0.927369
18.966700 -4.980344 -20.167619 2.666518 0.033708 -0.025822 -0.366735 0.929356
19.000100 -4.873581 -20.027546 2.564309 0.032203 -0.022553 -0.363414 0.930798
19.033400 -4.768733 -19.886666 2.462299 0.034094 -0.020918 -0.359324 0.932355
19.066700 -4.665560 -19.743966 2.361388 0.034233 -0.018055 -0.354595 0.934218
19.100100 -4.563562 -19.599263 2.262398 0.033431 -0.015934 -0.347845 0.936820
19.133400 -4.463442 -19.453445 2.166976 0.033090 -0.012243 -0.344766 0.938025
19.166700 -4.364603 -19.306341 2.075841 0.034814 -0.011377 -0.339913 0.939743
19.200100 -4.267266 -19.157003 1.989876 0.036074 -0.006940 -0.336436 0.940990
19.233400 -4.172249 -19.006179 1.910358 0.037796 -0.003587 -0.330568 0.943018
19.266700 -4.079058 -18.853616 1.837897 0.038940 0.000053 -0.326029 0.944557
19.300000 -3.987561 -18.699357 1.773435 0.039115 0.003039 -0.322591 0.945725
19.333400 -3.897857 -18.543098 1.717656 0.040068 0.005938 -0.316821 0.947620
19.366700 -3.806978 -18.388454 1.671414 0.039789 0.009790 -0.312623 0.948993
19.400000 -3.721250 -18.229246 1.635119 0.038578 0.011711 -0.306108 0.951143
19.433400 -3.637123 -18.067908 1.608958 0.038592 0.014718 -0.300375 0.952926
19.466700 -3.555245 -17.905337 1.593357 0.038249 0.016451 -0.294555 0.954727
19.500000 -3.475534 -17.741051 1.588515 0.034842 0.020276 -0.291011 0.955870
19.533400 -3.397638 -17.574554 1.594464 0.032959 0.023337 -0.286974 0.957087
19.566700 -3.322122 -17.406773 1.611110 0.029695 0.025397 -0.281355 0.958808
19.600000 -3.248748 -17.237099 1.638449 0.029786 0.028289 -0.277810 0.959757
19.633400 -3.177255 -17.064995 1.676039 0.029849 0.029731 -0.273590 0.960923
19.666700 -3.107992 -16.891768 1.723252 0.030647 0.032695 -0.270959 0.961547
19.700000 -3.040982 -16.716909 1.779664 0.029848 0.036481 -0.265596 0.962931
19.733400 -2.975919 -16.539952 1.844911 0.028858 0.041174 -0.263261 0.963413
19.766700 -2.867442 -16.380409 1.931985 0.028738 0.046497 -0.260087 0.964037
19.800000 -2.721933 -16.214959 2.024807 0.026887 0.049268 -0.255084 0.965288
19.833400 -2.601916 -16.008430 2.109360 0.026266 0.055005 -0.249836 0.966368
19.866700 -2.533492 -15.829529 2.202043 0.026909 0.057026 -0.245712 0.967290
19.900000 -2.470943 -15.646657 2.298880 0.023690 0.058484 -0.241778 0.968278
19.933400 -2.410086 -15.461697 2.399344 0.020131 0.058330 -0.236691 0.969623
19.966700 -2.347330 -15.278231 2.501690 0.017761 0.060182 -0.231411 0.970830