0.433333 -0.051521 2.085717 0.668026 0.044983 0.049880 0.048710 0.996552
0.466667 -0.036862 2.294981 0.695226 0.044233 0.060793 0.048316 0.995999
0.500000 -0.053443 2.502285 0.705698 0.044517 0.067541 0.054593 0.995227
0.533333 -0.067949 2.709060 0.701953 0.041326 0.070739 0.059381 0.994868
0.566667 -0.091909 2.915354 0.688123 0.041634 0.073369 0.065668 0.994269
0.600000 -0.108927 3.123002 0.669656 0.040094 0.076387 0.069866 0.993819
0.633333 -0.126841 3.329953 0.641042 0.040101 0.079104 0.074393 0.993278
0.666667 -0.151154 3.537632 0.604665 0.040850 0.081236 0.078497 0.992759
0.700000 -0.172507 3.756101 0.577582 0.041729 0.084309 0.082660 0.992128
0.733334 -0.196618 3.969601 0.529719 0.039959 0.086103 0.087028 0.991673
0.766667 -0.222797 4.181726 0.476165 0.041456 0.087753 0.091444 0.991070
0.800000 -0.250739 4.386245 0.403301 0.039638 0.090115 0.096760 0.990427
0.833334 -0.279719 4.590062 0.324218 0.039709 0.092174 0.101379 0.989772
0.866667 -0.308909 4.793159 0.239817 0.038234 0.093978 0.104750 0.989310
0.900000 -0.368604 4.992934 0.150776 0.035426 0.091131 0.114555 0.988594
0.933334 -0.411990 5.194425 0.064108 0.033296 0.088982 0.119178 0.988317
0.966667 -0.448342 5.394523 -0.030345 0.032731 0.090982 0.124245 0.987529
1.000000 -0.490852 5.596453 -0.118502 0.031569 0.091800 0.129615 0.986801
1.033330 -0.529619 5.795317 -0.212703 0.029600 0.093115 0.133712 0.986192
1.066670 -0.570736 5.992207 -0.306302 0.027518 0.095051 0.138784 0.985367
1.100000 -0.612771 6.187954 -0.397419 0.025837 0.096390 0.143376 0.984624
1.133330 -0.657041 6.382445 -0.485106 0.024353 0.096792 0.148455 0.983870
1.166670 -0.707332 6.575225 -0.568332 0.021388 0.098392 0.155297 0.982723
1.200000 -0.760532 6.766478 -0.645888 0.019195 0.099702 0.161470 0.981641
1.233330 -0.815109 6.956371 -0.716938 0.015554 0.099364 0.166916 0.980828
1.266670 -0.868035 7.145079 -0.780378 0.014198 0.100622 0.172013 0.979839
1.300000 -0.920300 7.332584 -0.835530 0.012795 0.101282 0.175290 0.979210
1.333330 -0.976154 7.518564 -0.881739 0.009107 0.101728 0.181037 0.978159
1.366670 -1.035667 7.702419 -0.918310 0.005784 0.102299 0.187301 0.976944
1.400000 -1.107524 7.883192 -0.945708 0.003342 0.102476 0.193992 0.975630
1.433330 -1.165996 8.064416 -0.961690 0.002741 0.101869 0.198892 0.974709
1.466670 -1.222325 8.244354 -0.966932 0.001967 0.101660 0.202716 0.973944
1.500000 -1.288272 8.418948 -0.971684 -0.001415 0.100310 0.209619 0.972623
1.533330 -1.369811 8.591025 -1.000527 -0.006746 0.097397 0.216882 0.971304
1.566670 -1.451317 8.776180 -1.041131 -0.011341 0.096289 0.224024 0.969749
1.600000 -1.522516 9.045988 -1.167922 -0.020795 0.097099 0.229736 0.968174
1.633330 -1.597539 9.231201 -1.126646 -0.023720 0.096794 0.235467 0.966759
1.666670 -1.668347 9.416759 -1.076019 -0.023554 0.096082 0.240881 0.965500
1.700000 -1.740281 9.723856 -1.096278 -0.027389 0.095347 0.245716 0.964252
1.733330 -1.821747 9.911831 -1.030363 -0.030924 0.093118 0.254887 0.961980
1.766670 -1.920035 10.194857 -1.003041 -0.033802 0.089436 0.257491 0.961539
1.800000 -1.999124 10.385370 -0.923556 -0.036546 0.088083 0.261908 0.960370
1.833330 -2.079214 10.574915 -0.837669 -0.039835 0.086767 0.266361 0.959133
1.866670 -2.162797 10.763248 -0.746315 -0.040619 0.084860 0.272122 0.957653
1.900000 -2.245996 10.952616 -0.652650 -0.044781 0.082495 0.277488 0.956133
1.933330 -2.333769 11.140213 -0.551212 -0.044489 0.081117 0.283145 0.954605
1.966670 -2.420842 11.324807 -0.448423 -0.045747 0.079795 0.289553 0.952732
2.000000 -2.506416 11.509894 -0.344754 -0.048641 0.076827 0.294498 0.951316
2.033330 -2.601898 11.691789 -0.241716 -0.050030 0.075922 0.299849 0.949644
2.066670 -2.696776 11.872829 -0.140294 -0.053041 0.072954 0.306771 0.947500
2.100000 -2.789636 12.053652 -0.041443 -0.055587 0.071380 0.309915 0.946450
2.133330 -2.880997 12.234453 0.053872 -0.055465 0.069685 0.314716 0.944998
2.166670 -2.975123 12.413722 0.144754 -0.055551 0.067339 0.319214 0.943654
2.200000 -3.073563 12.591005 0.230123 -0.057111 0.063949 0.324903 0.941853
2.233330 -3.173245 12.767265 0.308979 -0.056553 0.063319 0.330099 0.940121
2.266670 -3.272186 12.943069 0.380349 -0.057525 0.060114 0.334985 0.938543
2.300000 -3.373189 13.117870 0.443387 -0.058407 0.056117 0.340597 0.936714
2.333330 -3.478740 13.290283 0.504111 -0.059594 0.054100 0.344719 0.935249
2.366670 -3.582221 13.461902 0.549361 -0.060688 0.051457 0.348082 0.934082
2.400000 -3.688609 13.631708 0.584180 -0.062113 0.047840 0.354472 0.931774
2.433330 -3.796540 13.800064 0.610569 -0.061015 0.045266 0.360100 0.929815
2.466670 -3.904121 13.967597 0.624023 -0.060976 0.042197 0.364300 0.928325
2.500000 -4.012350 14.134040 0.626408 -0.058761 0.039922 0.369551 0.926491
2.533330 -4.118155 14.274360 0.656887 -0.055910 0.036881 0.373845 0.925069
2.566670 -4.217593 14.399118 0.662514 -0.056108 0.032931 0.377949 0.923538
2.600000 -4.330643 14.557888 0.633694 -0.054469 0.027384 0.381562 0.922331
2.633330 -4.427247 14.670724 0.623712 -0.056118 0.026225 0.386811 0.920076
2.666670 -4.537098 14.813054 0.583178 -0.055482 0.022601 0.391435 0.918253
2.700000 -4.651856 14.966244 0.525968 -0.054788 0.019092 0.396434 0.916228
2.733330 -4.769530 15.117008 0.459952 -0.056200 0.015091 0.401078 0.914194
2.766670 -4.887950 15.266387 0.385842 -0.056806 0.011558 0.405578 0.912220
2.800000 -5.007199 15.414502 0.304081 -0.058437 0.007255 0.410509 0.909953
2.833330 -5.127766 15.561099 0.215763 -0.058586 0.002907 0.414570 0.908125
2.866670 -5.261911 15.686602 0.135091 -0.054952 0.000056 0.420674 0.905546
2.900000 -5.384922 15.806919 0.058560 -0.051434 -0.003714 0.425714 0.903387
2.933330 -5.503039 15.908873 -0.012673 -0.049019 -0.005881 0.428777 0.902061
2.966670 -5.627885 16.046550 -0.114036 -0.048527 -0.010291 0.434756 0.899181
3.000000 -5.754491 16.182122 -0.216624 -0.047324 -0.013899 0.438576 0.897340
3.033330 -5.883971 16.314880 -0.319112 -0.047815 -0.018190 0.442891 0.895115
3.066670 -6.013067 16.446956 -0.420407 -0.048632 -0.022442 0.447612 0.892623
3.100000 -6.144213 16.576332 -0.519346 -0.048571 -0.026082 0.452815 0.889898
3.133330 -6.275689 16.704560 -0.614969 -0.046210 -0.030134 0.456735 0.887891
3.166670 -6.408856 16.830442 -0.706196 -0.043789 -0.033024 0.461580 0.885402
3.200000 -6.541909 16.946267 -0.791858 -0.038510 -0.034821 0.466184 0.883163
3.233330 -6.675895 17.067857 -0.871077 -0.036214 -0.038145 0.470865 0.880636
3.266660 -6.811918 17.187156 -0.943182 -0.032979 -0.041293 0.475691 0.878024
3.300000 -6.930876 17.278755 -1.004682 -0.027437 -0.042939 0.479326 0.876156
3.333330 -7.067673 17.392577 -1.059980 -0.026670 -0.044715 0.484846 0.873048
3.366660 -7.204779 17.504829 -1.106091 -0.024855 -0.048178 0.488904 0.870651
3.400000 -7.343269 17.614600 -1.142187 -0.022293 -0.050169 0.493042 0.868272
3.433330 -7.481059 17.719922 -1.168378 -0.020592 -0.053685 0.497418 0.865603
3.466660 -7.621355 17.825169 -1.183593 -0.018058 -0.055988 0.501446 0.863187
3.500000 -7.758762 17.919488 -1.189430 -0.015709 -0.057896 0.506516 0.860141
3.533330 -7.900720 18.019978 -1.183085 -0.015333 -0.061538 0.510372 0.857612
3.566660 -8.043439 18.118474 -1.165786 -0.013845 -0.064850 0.514848 0.854713
3.600000 -8.175747 18.201620 -1.141159 -0.011477 -0.067750 0.518617 0.852241
3.633330 -8.301487 18.275717 -1.102508 -0.008631 -0.070101 0.522172 0.849910
3.666660 -8.440799 18.357257 -1.054162 -0.004713 -0.072085 0.527917 0.846218
3.700000 -8.583930 18.441868 -0.996083 -0.001676 -0.073204 0.532225 0.843431
3.733330 -8.729340 18.527160 -0.929627 0.001247 -0.074288 0.536039 0.840917
3.766660 -8.874574 18.610660 -0.854894 0.004584 -0.076091 0.540108 0.838136
3.800000 -9.020856 18.691011 -0.772545 0.006909 -0.077548 0.544783 0.834955
3.833330 -9.167774 18.770579 -0.683920 0.010271 -0.078318 0.549763 0.831578
3.866660 -9.316619 18.846927 -0.589829 0.015561 -0.079193 0.553321 0.829049
3.900000 -9.466244 18.920862 -0.491159 0.019445 -0.079180 0.560775 0.823944
3.933330 -9.592218 18.965401 -0.388711 0.020632 -0.081295 0.563475 0.821865
3.966660 -9.729856 19.028036 -0.288136 0.025369 -0.082905 0.567321 0.818920
4.000000 -9.880219 19.094335 -0.182602 0.028513 -0.083860 0.571407 0.815873
4.033330 -10.031378 19.158770 -0.076960 0.029751 -0.084850 0.575245 0.813024
4.066660 -10.182012 19.222975 0.027591 0.031195 -0.084715 0.580281 0.809398
4.100000 -10.333071 19.284721 0.129895 0.033319 -0.087918 0.584066 0.806243
4.133330 -10.478652 19.364095 0.209887 0.032728 -0.090635 0.588976 0.802385
4.166660 -10.632714 19.421314 0.304023 0.035840 -0.091098 0.592677 0.799469
4.200000 -10.786753 19.476997 0.392678 0.037711 -0.091056 0.596691 0.796396
4.233330 -10.941466 19.530353 0.474775 0.040701 -0.089655 0.600625 0.793445
4.266660 -11.096525 19.581294 0.549473 0.043808 -0.091894 0.605134 0.789588
4.300000 -11.246654 19.639168 0.611845 0.044039 -0.092796 0.609344 0.786225
4.333330 -11.402016 19.686996 0.669548 0.046824 -0.092191 0.613464 0.782924
4.366660 -11.558256 19.732279 0.717759 0.048516 -0.092969 0.617686 0.779401
4.400000 -11.713870 19.777077 0.755922 0.051277 -0.091133 0.621764 0.776193
4.433330 -11.864256 19.830720 0.778032 0.052105 -0.091901 0.625771 0.772819
4.466660 -12.021835 19.870332 0.794984 0.053685 -0.091486 0.630048 0.769277
4.500000 -12.179516 19.908108 0.801049 0.056626 -0.090571 0.633973 0.765943
4.533330 -12.337675 19.943718 0.796125 0.056418 -0.091136 0.638641 0.762004
4.566660 -12.495891 19.977708 0.780479 0.058990 -0.089686 0.643020 0.758289
4.600000 -12.653528 20.011326 0.754198 0.061303 -0.088198 0.645984 0.755756
4.633330 -12.812184 20.041656 0.717551 0.063197 -0.087004 0.650926 0.751487
4.666660 -12.970866 20.070357 0.671031 0.064873 -0.085754 0.654813 0.748102
4.700000 -13.129947 20.096860 0.614911 0.068044 -0.083485 0.659033 0.744363
4.733330 -13.289257 20.120828 0.549816 0.068250 -0.083497 0.662910 0.740892
4.766660 -13.448141 20.144108 0.476386 0.071175 -0.082155 0.667843 0.736323
4.800000 -13.607295 20.165272 0.395723 0.072293 -0.079206 0.671761 0.732965
4.833330 -13.754884 20.199927 0.291507 0.073461 -0.077244 0.676120 0.729040
4.866660 -13.914070 20.214451 0.195339 0.073830 -0.075873 0.680106 0.725430
4.900000 -14.073279 20.227050 0.094861 0.073598 -0.074413 0.684032 0.721904
4.933330 -14.232854 20.240800 -0.006214 0.076212 -0.072981 0.686752 0.719192
4.966660 -14.392778 20.251799 -0.109792 0.077283 -0.070060 0.691908 0.714410
5.000000 -14.550303 20.267974 -0.213907 0.078137 -0.067786 0.695618 0.710925
5.033330 -14.713983 20.279034 -0.318500 0.079443 -0.065808 0.699642 0.707007
5.066660 -14.882046 20.282527 -0.422522 0.079332 -0.063962 0.703458 0.703394
5.100000 -15.043191 20.284720 -0.523584 0.080671 -0.060737 0.707277 0.699687
5.133330 -15.204508 20.284667 -0.621188 0.082254 -0.057817 0.711307 0.695654
5.166660 -15.365375 20.283817 -0.714167 0.082248 -0.055574 0.714305 0.692759
5.200000 -15.527424 20.279018 -0.801623 0.079843 -0.055349 0.718695 0.688504
5.233330 -15.685631 20.278379 -0.882831 0.080408 -0.051589 0.722338 0.684909
5.266660 -15.820398 20.253728 -0.959455 0.081355 -0.047542 0.726792 0.680364
5.300000 -15.981656 20.243319 -1.025193 0.079748 -0.046115 0.729974 0.677238
5.333330 -16.143571 20.229951 -1.082113 0.080645 -0.043282 0.733542 0.673453
5.366660 -16.306042 20.212412 -1.129353 0.080303 -0.041261 0.737322 0.669481
5.400000 -16.468381 20.193560 -1.166588 0.079058 -0.037825 0.740573 0.666237
5.433330 -16.630420 20.173501 -1.193496 0.078643 -0.036066 0.744108 0.662434
5.466660 -16.792478 20.150221 -1.209697 0.078912 -0.031851 0.747904 0.658329
5.500000 -16.946295 20.133733 -1.219053 0.078845 -0.026886 0.751305 0.654676
5.533330 -17.071997 20.093032 -1.218447 0.076522 -0.024189 0.754858 0.650960
5.566660 -17.232948 20.062165 -1.202180 0.076793 -0.021285 0.758256 0.647069
5.600000 -17.393849 20.027698 -1.175075 0.076262 -0.017832 0.761139 0.643843
5.633330 -17.554347 19.993979 -1.137861 0.073634 -0.016117 0.764461 0.640249
5.666660 -17.714807 19.956297 -1.090619 0.073465 -0.012330 0.767510 0.636694
5.700000 -17.874980 19.916405 -1.033765 0.073169 -0.009288 0.771347 0.632127
5.733330 -18.034881 19.874811 -0.968201 0.069638 -0.007580 0.774818 0.628292
5.766660 -18.173436 19.825262 -0.897971 0.066572 -0.004546 0.778738 0.623790
5.800000 -18.306683 19.770466 -0.817163 0.065810 -0.000212 0.781408 0.620540
5.833330 -18.464335 19.721262 -0.729624 0.063290 0.002330 0.785168 0.616035
5.866660 -18.590117 19.657731 -0.638933 0.062027 0.006646 0.788296 0.612125
5.900000 -18.746421 19.604360 -0.541672 0.060123 0.010077 0.791218 0.608488
5.933330 -18.887872 19.544254 -0.442416 0.057766 0.013481 0.794453 0.604422
5.966660 -19.039114 19.483679 -0.340403 0.054750 0.015633 0.797621 0.600466
6.000000 -19.180538 19.422188 -0.237053 0.052399 0.018436 0.800356 0.596946
6.033330 -19.333698 19.360566 -0.133166 0.051047 0.021241 0.803092 0.593285
6.066660 -19.471146 19.295408 -0.030414 0.048965 0.023833 0.805292 0.590372
6.100000 -19.619114 19.228260 0.070028 0.045316 0.026319 0.808932 0.585562
6.133330 -19.755178 19.163329 0.166849 0.042720 0.028205 0.811654 0.581891
6.166660 -19.904626 19.092800 0.259489 0.040783 0.031842 0.814398 0.577995
6.200000 -20.043743 19.022911 0.346418 0.035519 0.032485 0.817585 0.573792
6.233330 -20.185006 18.950928 0.426763 0.032224 0.033924 0.820809 0.569283
6.266660 -20.320423 18.879523 0.499297 0.028421 0.037129 0.822726 0.566512
6.300000 -20.464965 18.803669 0.564161 0.026355 0.039801 0.826571 0.560804
6.333330 -20.610950 18.725673 0.620806 0.023576 0.042280 0.829024 0.557113
6.366660 -20.756256 18.645217 0.667948 0.018217 0.043035 0.831642 0.553342
6.400000 -20.901013 18.562346 0.705106 0.015336 0.044058 0.834416 0.549157
6.433330 -21.045149 18.477758 0.731820 0.011809 0.045223 0.837317 0.544716
6.466660 -21.188747 18.391436 0.747897 0.009669 0.047621 0.840320 0.539908
6.500000 -21.331837 18.303490 0.753051 0.006446 0.049250 0.842985 0.535638
6.533330 -21.473952 18.213021 0.747192 0.004599 0.051744 0.845763 0.531024
6.566660 -21.615667 18.120941 0.730486 0.001152 0.052542 0.848487 0.526601
6.600000 -21.756991 18.027128 0.703048 -0.002207 0.053585 0.851337 0.521871
6.633330 -21.897651 17.931453 0.665123 -0.005140 0.055524 0.853777 0.517644
6.666660 -22.043358 17.826877 0.619279 -0.007219 0.056663 0.856582 0.512840
6.700000 -22.182592 17.726520 0.562025 -0.010469 0.059812 0.858880 0.508565
6.733330 -22.321382 17.625127 0.495902 -0.012550 0.061237 0.862385 0.502379
6.766660 -22.459490 17.520243 0.420754 -0.016032 0.064012 0.864514 0.498258
6.799990 -22.599720 17.413589 0.338186 -0.017784 0.064965 0.866557 0.494513
6.833330 -22.734603 17.305873 0.249927 -0.021792 0.063106 0.869348 0.489670
6.866660 -22.861425 17.197804 0.157372 -0.025239 0.063543 0.871073 0.486371
6.899990 -22.995272 17.086452 0.059161 -0.027669 0.063572 0.873798 0.481321
6.933330 -23.126615 16.971635 -0.040643 -0.032373 0.062746 0.875370 0.478270
6.966660 -23.252353 16.857891 -0.144783 -0.036136 0.063420 0.877669 0.473676
6.999990 -23.383230 16.741498 -0.249783 -0.039318 0.063375 0.879913 0.469245
7.033330 -23.503531 16.625211 -0.355132 -0.042721 0.062898 0.881899 0.465267
7.066660 -23.631423 16.505231 -0.458842 -0.046704 0.062178 0.884320 0.460359
7.099990 -23.748877 16.388407 -0.562460 -0.050218 0.062648 0.885933 0.456810
7.133330 -23.875528 16.265756 -0.661094 -0.050916 0.060198 0.888707 0.451646
7.166660 -24.000043 16.139769 -0.755265 -0.054810 0.062695 0.890798 0.446703
7.199990 -24.123861 16.012904 -0.843898 -0.058009 0.062231 0.892656 0.442637
7.233330 -24.247752 15.885579 -0.926284 -0.060254 0.061502 0.895478 0.436700
7.266660 -24.369124 15.754170 -1.001135 -0.063173 0.060257 0.897621 0.432035
7.299990 -24.495639 15.612956 -1.064305 -0.066381 0.058509 0.899925 0.426972
7.333330 -24.616265 15.478812 -1.122402 -0.067633 0.059851 0.902084 0.422005
7.366660 -24.735424 15.343076 -1.171014 -0.069133 0.059686 0.904681 0.416187
7.399990 -24.853770 15.207733 -1.209576 -0.071802 0.057767 0.906586 0.411836
7.433330 -24.970571 15.068570 -1.237712 -0.074329 0.056178 0.908555 0.407243
7.466660 -25.086055 14.927431 -1.254875 -0.076884 0.054610 0.910411 0.402813
7.499990 -25.201689 14.780426 -1.258679 -0.079487 0.052156 0.912420 0.398059
7.533330 -25.315277 14.636776 -1.254026 -0.080328 0.051997 0.914378 0.393392
7.566660 -25.427863 14.492011 -1.238572 -0.082211 0.049837 0.916490 0.388335
7.599990 -25.539131 14.345074 -1.212146 -0.085223 0.047329 0.918600 0.382977
7.633330 -25.649946 14.196733 -1.175433 -0.088587 0.043980 0.920433 0.378181
7.666660 -25.761247 14.042554 -1.128853 -0.088539 0.044146 0.922678 0.372661
7.699990 -25.877451 13.882889 -1.072137 -0.090214 0.041636 0.924618 0.367709
7.733330 -25.994612 13.722831 -1.006041 -0.091101 0.038585 0.926642 0.362694
7.766660 -26.100972 13.567401 -0.933039 -0.092334 0.036735 0.928744 0.357154
7.799990 -26.206230 13.410700 -0.852808 -0.091275 0.034547 0.930666 0.352615
7.833330 -26.311375 13.246504 -0.761979 -0.094499 0.032340 0.932340 0.347514
7.866660 -26.414141 13.087831 -0.669511 -0.095339 0.028637 0.933685 0.343982
7.899990 -26.515776 12.926679 -0.572516 -0.094173 0.026254 0.935015 0.340866
7.933330 -26.615096 12.762411 -0.471744 -0.095900 0.026416 0.937697 0.332910
7.966660 -26.710636 12.599350 -0.366628 -0.095852 0.024954 0.939479 0.327977
7.999990 -26.797121 12.443158 -0.261325 -0.096153 0.023476 0.941269 0.322824
8.033330 -26.893582 12.276808 -0.157633 -0.095688 0.019251 0.942691 0.319072
8.066660 -26.987415 12.107306 -0.054621 -0.096656 0.017957 0.944358 0.313885
8.099990 -27.062140 11.955493 0.051828 -0.095613 0.016918 0.946409 0.308029
8.133330 -27.154819 11.786397 0.149070 -0.096279 0.015224 0.947935 0.303180
8.166660 -27.245371 11.615329 0.242090 -0.094539 0.015563 0.949721 0.298076
8.200000 -27.334581 11.442763 0.329636 -0.094818 0.014175 0.950255 0.296352
8.233330 -27.427032 11.270121 0.409117 -0.094096 0.010108 0.952957 0.287954
8.266660 -27.514115 11.095610 0.482781 -0.093603 0.007171 0.954482 0.283110
8.300000 -27.599873 10.919787 0.548469 -0.092836 0.004867 0.956250 0.277387
8.333330 -27.681139 10.740356 0.605294 -0.091856 0.002333 0.957855 0.272158
8.366660 -27.762394 10.560817 0.652614 -0.090155 0.000183 0.959219 0.267903
8.400000 -27.842862 10.380592 0.689841 -0.088954 -0.002008 0.960767 0.262699
8.433330 -27.921829 10.206719 0.719612 -0.086917 -0.003487 0.961950 0.259009
8.466670 -27.999336 10.024746 0.735867 -0.086687 -0.007757 0.963757 0.252186
8.500000 -28.075173 9.842358 0.741372 -0.085599 -0.010401 0.964925 0.247962
8.533330 -28.150970 9.659506 0.735579 -0.083648 -0.011406 0.966184 0.243644
8.566670 -28.230737 9.477720 0.714429 -0.082148 -0.014154 0.967589 0.238376
8.600000 -28.299831 9.297504 0.687138 -0.081321 -0.017515 0.968721 0.233794
8.633340 -28.368426 9.116046 0.649275 -0.077918 -0.017074 0.970220 0.228714
8.666670 -28.436937 8.928848 0.601311 -0.074789 -0.018852 0.971654 0.223473
8.700000 -28.508596 8.743144 0.543441 -0.072764 -0.019694 0.973121 0.217607
8.733340 -28.575688 8.555012 0.477039 -0.070469 -0.021745 0.974412 0.212328
8.766670 -28.640657 8.365684 0.402494 -0.068110 -0.023061 0.975738 0.206796
8.800000 -28.704006 8.175508 0.320438 -0.064642 -0.025365 0.976711 0.203011
8.833340 -28.765755 7.984503 0.231867 -0.063426 -0.028410 0.977632 0.198508
8.866670 -28.826329 7.792983 0.137786 -0.061444 -0.030501 0.978667 0.193661
8.900010 -28.885307 7.600576 0.039287 -0.058954 -0.032617 0.979891 0.187814
8.933340 -28.942855 7.407787 -0.062524 -0.056199 -0.035948 0.980647 0.184069
8.966670 -29.000375 7.214960 -0.166721 -0.052297 -0.037076 0.981574 0.180006
9.000010 -29.055291 7.020831 -0.272174 -0.050652 -0.038278 0.982679 0.174104
9.033340 -29.109508 6.826567 -0.377498 -0.046291 -0.038430 0.983812 0.168802
9.066670 -29.161836 6.631527 -0.481729 -0.043597 -0.041946 0.984655 0.163692
9.100010 -29.211806 6.435299 -0.583801 -0.041313 -0.042391 0.985496 0.159039
9.133340 -29.261264 6.238753 -0.682548 -0.038236 -0.044104 0.986240 0.154673
9.166680 -29.308946 6.041350 -0.776833 -0.033233 -0.043709 0.987265 0.149310
9.200010 -29.357919 5.844413 -0.865693 -0.030522 -0.043309 0.988033 0.144860
9.233340 -29.413632 5.648927 -0.947909 -0.027456 -0.045331 0.988984 0.138209
9.266680 -29.457574 5.449656 -1.022806 -0.024731 -0.046405 0.989491 0.134691
9.300010 -29.498762 5.249736 -1.089389 -0.020824 -0.048324 0.990170 0.129590
9.333340 -29.543820 5.049106 -1.146719 -0.017059 -0.049411 0.990891 0.124105
9.366680 -29.582343 4.848086 -1.194658 -0.012944 -0.049412 0.991597 0.118854
9.400010 -29.624054 4.637786 -1.232341 -0.008461 -0.051786 0.992018 0.114663
9.433350 -29.660008 4.435482 -1.259806 -0.005373 -0.051428 0.992602 0.109851
9.466680 -29.696841 4.225525 -1.275658 -0.000345 -0.052150 0.992967 0.106284
9.500010 -29.729322 4.022122 -1.281335 0.001452 -0.052830 0.993547 0.100357
9.533350 -29.762375 3.815852 -1.275376 0.005433 -0.053947 0.993986 0.095139
9.566680 -29.792787 3.610624 -1.259158 0.008254 -0.054901 0.994398 0.089946
9.600010 -29.821362 3.405911 -1.232179 0.011898 -0.054720 0.994895 0.083950
9.633350 -29.848587 3.200561 -1.194761 0.015264 -0.055409 0.995245 0.078644
9.666680 -29.875447 2.994045 -1.147754 0.017510 -0.055488 0.995434 0.075670
9.700020 -29.898524 2.787385 -1.091007 0.022080 -0.054748 0.995748 0.070719
9.733350 -29.921097 2.580184 -1.025367 0.026469 -0.054699 0.995954 0.066206
9.766680 -29.941657 2.373022 -0.951504 0.029343 -0.055007 0.996268 0.059689
9.800020 -29.960532 2.165639 -0.870204 0.032920 -0.054964 0.996418 0.055202
9.833350 -29.977561 1.957887 -0.782604 0.035948 -0.054777 0.996709 0.047722
9.866680 -29.993214 1.749001 -0.689626 0.039168 -0.051294 0.996959 0.043670
9.900020 -30.007971 1.540455 -0.592434 0.041806 -0.051511 0.997075 0.037949
9.933350 -30.019957 1.331881 -0.491623 0.045404 -0.052679 0.997066 0.031971
9.966690 -30.031373 1.122384 -0.388713 0.048841 -0.048750 0.997226 0.027909
10.000000 -30.047031 0.906511 -0.288495 0.051334 -0.046862 0.997274 0.024782
10.033400 -30.054385 0.697000 -0.183950 0.055956 -0.045262 0.997222 0.019184
10.066700 -30.059977 0.487515 -0.080799 0.058952 -0.043822 0.997214 0.012988
10.100000 -30.064879 0.278139 0.020347 0.062185 -0.043421 0.997092 0.007390
10.133400 -30.068111 0.068416 0.118119 0.064458 -0.041358 0.997062 0.001245
10.166700 -30.070858 -0.140258 0.211146 0.066397 -0.039697 0.996998 -0.003142
10.200000 -30.072072 -0.348932 0.298651 0.069211 -0.037575 0.996868 -0.007252
10.233400 -30.070753 -0.558076 0.380132 0.071089 -0.034883 0.996783 -0.012382
10.266700 -30.067063 -0.766697 0.454153 0.074135 -0.032209 0.996575 -0.017467
10.300000 -30.061049 -0.975391 0.520063 0.076599 -0.033247 0.996245 -0.022891
10.333400 -30.058731 -1.189770 0.574517 0.079678 -0.030249 0.995929 -0.029343
10.366700 -30.049735 -1.413977 0.620814 0.081188 -0.028776 0.995688 -0.034443
10.400000 -30.040029 -1.623080 0.658055 0.080484 -0.028417 0.995450 -0.042358
10.433400 -30.027773 -1.838455 0.683913 0.085526 -0.025415 0.994989 -0.045132
10.466700 -30.014536 -2.047336 0.699923 0.086649 -0.023757 0.994699 -0.050012
10.500000 -30.000312 -2.255910 0.705104 0.088429 -0.021193 0.994310 -0.055480
10.533400 -29.983889 -2.464841 0.699360 0.090112 -0.017525 0.993963 -0.060089
10.566700 -29.965933 -2.672125 0.683504 0.091803 -0.013621 0.993461 -0.066496
10.600000 -29.946083 -2.880949 0.656808 0.092684 -0.012229 0.993025 -0.071843
10.633400 -29.922031 -3.093666 0.619206 0.094252 -0.011131 0.992442 -0.077795
10.666700 -29.898333 -3.306402 0.572030 0.095304 -0.007038 0.991888 -0.083816
10.700000 -29.873131 -3.516427 0.515462 0.096218 -0.006651 0.991405 -0.088395
10.733400 -29.847435 -3.723251 0.449403 0.096296 -0.004590 0.990968 -0.093213
10.766700 -29.820756 -3.928943 0.375293 0.097181 -0.002370 0.990324 -0.099039
10.800000 -29.790384 -4.133767 0.294496 0.098473 0.000267 0.989714 -0.103771
10.833400 -29.759259 -4.338869 0.206491 0.098777 0.002951 0.989096 -0.109199
10.866700 -29.726958 -4.543411 0.114608 0.098970 0.005710 0.988570 -0.113589
10.900000 -29.692156 -4.746126 0.017226 0.098792 0.005982 0.988030 -0.118322
10.933400 -29.657266 -4.949582 -0.084324 0.098079 0.009127 0.987340 -0.124329
10.966700 -29.619512 -5.151844 -0.187926 0.098596 0.010916 0.986732 -0.128526
11.000000 -29.580424 -5.353611 -0.292601 0.097672 0.014036 0.985933 -0.134904
11.033400 -29.540195 -5.555398 -0.397529 0.100027 0.013918 0.984914 -0.140521
11.066700 -29.497365 -5.754885 -0.500726 0.097673 0.016021 0.984347 -0.145821
11.100000 -29.454660 -5.954889 -0.601808 0.096730 0.018807 0.983641 -0.150801
11.133400 -29.409284 -6.154778 -0.699782 0.096461 0.021965 0.982865 -0.155532
11.166700 -29.362152 -6.352263 -0.792768 0.095368 0.025016 0.981949 -0.161416
11.200000 -29.314313 -6.548136 -0.879951 0.094539 0.027242 0.981168 -0.166223
11.233400 -29.263484 -6.744300 -0.961855 0.093455 0.027769 0.980361 -0.171428
11.266700 -29.212519 -6.940881 -1.036046 0.092671 0.029222 0.979445 -0.176766
11.300000 -29.160424 -7.136630 -1.102107 0.089573 0.033150 0.978659 -0.181945
11.333400 -29.105235 -7.331141 -1.159380 0.088579 0.035701 0.977604 -0.187533
11.366700 -29.049197 -7.523893 -1.206945 0.085399 0.037970 0.976612 -0.193634
11.400000 -28.991494 -7.711682 -1.244030 0.083968 0.039420 0.975895 -0.197544
11.433400 -28.932725 -7.902344 -1.271397 0.082568 0.039374 0.974804 -0.203442
11.466700 -28.872105 -8.091450 -1.287937 0.081356 0.040886 0.973727 -0.208723
11.500000 -28.810697 -8.280636 -1.293481 0.078971 0.043189 0.972731 -0.213760
11.533400 -28.745644 -8.467056 -1.287891 0.076392 0.044709 0.971636 -0.219293
11.566700 -28.680061 -8.652254 -1.271117 0.074177 0.045996 0.970527 -0.224630
11.600000 -28.614608 -8.838011 -1.243968 0.072303 0.046856 0.969652 -0.228803
11.633400 -28.547881 -9.023053 -1.206374 0.070020 0.047190 0.968582 -0.233920
11.666700 -28.479276 -9.207135 -1.158761 0.067319 0.050190 0.967463 -0.238674
11.700000 -28.409095 -9.389682 -1.101682 0.065040 0.050179 0.966390 -0.243603
11.733400 -28.337702 -9.572180 -1.035598 0.062920 0.050531 0.965203 -0.248739
11.766700 -28.263983 -9.752809 -0.961655 0.061384 0.051240 0.963850 -0.254163
11.800000 -28.189270 -9.932524 -0.880161 0.057870 0.052267 0.962708 -0.259061
11.833400 -28.112975 -10.111773 -0.792019 0.054624 0.053235 0.961499 -0.264011
11.866700 -28.035524 -10.289432 -0.698550 0.050863 0.053266 0.960262 -0.269207
11.900000 -27.956579 -10.465876 -0.600538 0.047884 0.054625 0.958853 -0.274451
11.933400 -27.875706 -10.641710 -0.498976 0.045881 0.054606 0.957669 -0.278896
11.966700 -27.792832 -10.815672 -0.395307 0.042732 0.053974 0.956355 -0.283983
12.000000 -27.709574 -10.988834 -0.290690 0.040588 0.053446 0.954949 -0.289082
12.033400 -27.623839 -11.160906 -0.185879 0.035793 0.054494 0.953445 -0.294436
12.066700 -27.537010 -11.331158 -0.082554 0.032379 0.055978 0.952047 -0.299039
12.100000 -27.448924 -11.499898 0.018454 0.028956 0.055688 0.950641 -0.303880
12.133400 -27.359641 -11.667963 0.116073 0.025486 0.056411 0.948885 -0.309493
12.166700 -27.261601 -11.832215 0.209933 0.020951 0.056434 0.947283 -0.314691
12.200000 -27.167746 -11.999989 0.296603 0.018558 0.056236 0.945832 -0.319210
12.233400 -27.074282 -12.164446 0.377567 0.014491 0.056386 0.944190 -0.324216
12.266700 -26.979776 -12.327145 0.450908 0.011442 0.054436 0.942870 -0.328483
12.300100 -26.882957 -12.488632 0.516409 0.008294 0.054704 0.941068 -0.333660
12.333400 -26.782721 -12.652032 0.572278 0.004555 0.053506 0.938993 -0.339719
12.366700 -26.682518 -12.811964 0.619209 0.000404 0.054358 0.937446 -0.343861
12.400100 -26.582212 -12.969517 0.656381 -0.001707 0.052353 0.935937 -0.348251
12.433400 -26.481201 -13.125345 0.683000 -0.006237 0.052487 0.934158 -0.352923
12.466700 -26.377072 -13.281208 0.698514 -0.009569 0.050395 0.932268 -0.358113
12.500100 -26.271867 -13.434846 0.703654 -0.011995 0.049181 0.930524 -0.362715
12.533400 -26.165810 -13.586582 0.697824 -0.014674 0.046887 0.928565 -0.367903
12.566700 -26.057829 -13.737137 0.681461 -0.017315 0.046271 0.926679 -0.372592
12.600100 -25.948341 -13.886336 0.654604 -0.020739 0.045785 0.924547 -0.377739
12.633400 -25.837785 -14.033665 0.617359 -0.025413 0.044862 0.922534 -0.382455
12.666700 -25.727868 -14.178569 0.569658 -0.027889 0.042776 0.921067 -0.386040
12.700100 -25.616126 -14.322252 0.512344 -0.030814 0.040054 0.919076 -0.390828
12.733400 -25.505054 -14.464717 0.446353 -0.034850 0.038529 0.916829 -0.395887
12.766700 -25.391335 -14.605399 0.372051 -0.037871 0.036287 0.914732 -0.400642
12.800100 -25.275043 -14.746152 0.290404 -0.039435 0.034414 0.912580 -0.405536
12.833400 -25.159837 -14.885646 0.202713 -0.042652 0.034537 0.910922 -0.408913
12.866700 -25.044374 -15.021920 0.109372 -0.045409 0.030521 0.909073 -0.413029
12.900100 -24.927070 -15.156740 0.011189 -0.048439 0.029219 0.906457 -0.418493
12.933400 -24.808100 -15.295219 -0.089804 -0.050476 0.026482 0.904526 -0.422592
12.966700 -24.688152 -15.425943 -0.193619 -0.053236 0.023944 0.902330 -0.427075
13.000100 -24.569043 -15.556896 -0.299020 -0.056605 0.021703 0.900359 -0.430904
13.033400 -24.447092 -15.684448 -0.403871 -0.058528 0.018906 0.897890 -0.435902
13.066700 -24.324784 -15.810560 -0.507508 -0.061516 0.016667 0.895511 -0.440452
13.100100 -24.201082 -15.935041 -0.609528 -0.063443 0.013975 0.893028 -0.445287
13.133400 -24.077898 -16.058210 -0.707457 -0.066005 0.012936 0.890376 -0.450229
13.166700 -23.953850 -16.178618 -0.800797 -0.068110 0.010329 0.888023 -0.454609
13.200100 -23.825091 -16.297245 -0.888536 -0.069417 0.006417 0.885278 -0.459807
13.233400 -23.697175 -16.414210 -0.969773 -0.072111 0.004555 0.883278 -0.463249
13.266700 -23.568896 -16.529432 -1.043576 -0.072399 0.001776 0.880621 -0.468253
13.300100 -23.437322 -16.643454 -1.108811 -0.075339 -0.000456 0.877926 -0.472832
13.333400 -23.305362 -16.752807 -1.166790 -0.077422 -0.003681 0.875377 -0.477187
13.366700 -23.172264 -16.860690 -1.214585 -0.079536 -0.004612 0.872654 -0.481797
13.400100 -23.038157 -16.967756 -1.252304 -0.080158 -0.007786 0.870348 -0.485807
13.433400 -22.903395 -17.072780 -1.279451 -0.081638 -0.010412 0.867682 -0.490259
13.466700 -22.768624 -17.176564 -1.295846 -0.083163 -0.012388 0.864980 -0.494712
13.500100 -22.632418 -17.278529 -1.301407 -0.083469 -0.016146 0.862135 -0.499496
13.533400 -22.498381 -17.381137 -1.295944 0.084812 0.017958 -0.859526 0.503686
13.566700 -22.360836 -17.478584 -1.279357 0.087390 0.019281 -0.856138 0.508938
13.600100 -22.227258 -17.577973 -1.251834 0.088153 0.021489 -0.854005 0.512292
13.633400 -22.088256 -17.671551 -1.214372 0.088273 0.024532 -0.850978 0.517149
13.666700 -21.948755 -17.763129 -1.166725 0.089774 0.026026 -0.847472 0.522546
13.700100 -21.809353 -17.854219 -1.109654 0.088549 0.029489 -0.844730 0.526991
13.733400 -21.670895 -17.941729 -1.043937 0.089148 0.031725 -0.841868 0.531323
13.766700 -21.529963 -18.028038 -0.969956 0.089053 0.034656 -0.839061 0.535580
13.800100 -21.387671 -18.112220 -0.888456 0.090224 0.036084 -0.835713 0.540500
13.833400 -21.246634 -18.195675 -0.800831 0.089267 0.039440 -0.833329 0.544095
13.866700 -21.103835 -18.276185 -0.707850 0.088019 0.042312 -0.830433 0.548492
13.900100 -20.960378 -18.355443 -0.610169 0.087622 0.044571 -0.827729 0.552450
13.933400 -20.816150 -18.431731 -0.509348 0.086413 0.046543 -0.824519 0.557257
13.966700 -20.671941 -18.506910 -0.406246 0.083511 0.050616 -0.822343 0.560550
14.000100 -20.525284 -18.579240 -0.301904 0.084172 0.051967 -0.818590 0.565795
14.033400 -20.379786 -18.650983 -0.197944 0.084185 0.053529 -0.815356 0.570301
14.066700 -20.233483 -18.720388 -0.095219 0.081636 0.056506 -0.812231 0.574825
14.100100 -20.080058 -18.792711 0.006730 0.080025 0.057172 -0.809301 0.579102
14.133400 -19.931315 -18.857169 0.103949 0.079529 0.059772 -0.806113 0.583339
14.166700 -19.782383 -18.920480 0.196595 0.078804 0.061312 -0.802605 0.588096
14.200100 -19.631812 -18.981151 0.284020 0.077231 0.063280 -0.799400 0.592445
14.233400 -19.481224 -19.039721 0.364642 0.076993 0.063884 -0.795643 0.597448
14.266700 -19.326128 -19.093862 0.438460 0.075149 0.064393 -0.792393 0.601930
14.300100 -19.175172 -19.146653 0.504886 0.073649 0.065354 -0.789412 0.605915
14.333400 -19.023165 -19.198663 0.561408 0.070831 0.067982 -0.786816 0.609329
14.366700 -18.870810 -19.248822 0.608434 0.070098 0.068972 -0.783249 0.613881
14.400100 -18.718249 -19.297905 0.645661 0.067342 0.070646 -0.779947 0.618189
14.433400 -18.569739 -19.344566 0.672820 0.065231 0.070290 -0.776915 0.622260
14.466700 -18.414379 -19.386334 0.689487 0.062306 0.072669 -0.772787 0.627406
14.500100 -18.260827 -19.429251 0.694668 0.060016 0.074814 -0.770076 0.630701
14.533400 -18.107154 -19.469479 0.688615 0.058873 0.074738 -0.766226 0.635489
14.566700 -17.953003 -19.507360 0.671036 0.056405 0.074363 -0.763040 0.639577
14.600100 -17.798225 -19.543348 0.643324 0.054335 0.074536 -0.759935 0.643421
14.633400 -17.643305 -19.576863 0.605191 0.051466 0.075134 -0.756550 0.647563
14.666700 -17.487927 -19.608234 0.556969 0.049937 0.075249 -0.753384 0.651350
14.700100 -17.332200 -19.638098 0.499006 0.046944 0.075283 -0.749803 0.655686
14.733400 -17.176543 -19.665484 0.432373 0.044795 0.075595 -0.746051 0.660065
14.766800 -17.020298 -19.690598 0.357393 0.040772 0.075420 -0.742417 0.664430
14.800100 -16.867389 -19.709243 0.276689 0.038738 0.074613 -0.739587 0.667790
14.833400 -16.711142 -19.729494 0.187893 0.036433 0.074746 -0.736033 0.671820
14.866800 -16.557127 -19.745196 0.095011 0.031664 0.074415 -0.732775 0.675648
14.900100 -16.401112 -19.761292 -0.003170 0.030466 0.074103 -0.729286 0.679502
14.933400 -16.244553 -19.775237 -0.105059 0.026497 0.074576 -0.725518 0.683637
14.966800 -16.087441 -19.786341 -0.209535 0.025100 0.073097 -0.722656 0.686873
15.000100 -15.930519 -19.793166 -0.314848 0.020510 0.073099 -0.718503 0.691368
15.033400 -15.773708 -19.800155 -0.420198 0.018611 0.071627 -0.715490 0.694692
15.066800 -15.616046 -19.804459 -0.524748 0.013057 0.071845 -0.711836 0.698539
15.100100 -15.459963 -19.806642 -0.626256 0.010451 0.070368 -0.710507 0.700085
15.133400 -15.312115 -19.805408 -0.723697 0.007425 0.069041 -0.705510 0.705290
15.166800 -15.154411 -19.802984 -0.818226 0.005464 0.067938 -0.700888 0.710008
15.200100 -14.997181 -19.798829 -0.906931 0.001818 0.065597 -0.698223 0.712866
15.233400 -14.839906 -19.792505 -0.989241 -0.000029 0.064859 -0.694400 0.716661
15.266800 -14.681927 -19.781947 -1.064445 -0.003948 0.063983 -0.690836 0.720164
15.300100 -14.524409 -19.771075 -1.131546 -0.006202 0.061471 -0.687301 0.723741
15.333400 -14.366970 -19.758188 -1.189829 -0.010668 0.060409 -0.683869 0.727021
15.366800 -14.214640 -19.741456 -1.238001 -0.010204 0.059425 -0.679885 0.730835
15.400100 -14.058603 -19.723505 -1.276853 -0.013162 0.056044 -0.675925 0.734719
15.433400 -13.900816 -19.704577 -1.305263 -0.014494 0.053331 -0.671541 0.738903
15.466800 -13.743978 -19.683444 -1.322959 -0.018008 0.051017 -0.668944 0.741341
15.500100 -13.587228 -19.659856 -1.329486 -0.022261 0.049199 -0.664877 0.744998
15.533400 -13.430547 -19.634786 -1.325406 -0.024956 0.047324 -0.661329 0.748185
15.566800 -13.274723 -19.607708 -1.310480 -0.026218 0.046017 -0.658711 0.750530
15.600100 -13.118274 -19.577830 -1.284740 -0.028961 0.043204 -0.654474 0.754293
15.633400 -12.961665 -19.546131 -1.248758 -0.031084 0.041372 -0.649798 0.758343
15.666800 -12.803734 -19.512235 -1.203123 -0.033506 0.036648 -0.645995 0.761725
15.700100 -12.648959 -19.476963 -1.147438 -0.035714 0.033806 -0.643273 0.764056
15.733400 -12.493387 -19.437704 -1.082754 -0.038415 0.030603 -0.639247 0.767431
15.766800 -12.337426 -19.396142 -1.009593 -0.041492 0.027757 -0.635196 0.770736
15.800100 -12.182071 -19.352230 -0.928841 -0.044509 0.025404 -0.630632 0.774388
15.833400 -12.027145 -19.306932 -0.841764 -0.046061 0.021901 -0.627171 0.777210
15.866800 -11.871899 -19.260039 -0.749093 -0.047752 0.019566 -0.622928 0.780575
15.900100 -11.717349 -19.210814 -0.652374 -0.049094 0.014962 -0.619685 0.783171
15.933400 -11.563328 -19.158783 -0.552320 -0.050684 0.012882 -0.614965 0.786819
15.966800 -11.409011 -19.105359 -0.449612 -0.053460 0.010717 -0.611432 0.789417
16.000100 -11.255578 -19.048765 -0.346157 -0.056966 0.007424 -0.606596 0.792932
16.033400 -11.102820 -18.988120 -0.241598 -0.055592 0.002963 -0.601669 0.796803
16.066800 -10.950006 -18.926825 -0.138001 -0.058378 0.000518 -0.597818 0.799504
16.100100 -10.797628 -18.865312 -0.037774 -0.058749 -0.002421 -0.594096 0.802242
16.133400 -10.646653 -18.797715 0.060297 -0.059169 -0.005707 -0.590488 0.804854
16.166800 -10.495049 -18.729879 0.153686 -0.060891 -0.008797 -0.585686 0.808199
16.200100 -10.344183 -18.661169 0.240987 -0.062000 -0.012171 -0.581942 0.810772
16.233400 -10.193878 -18.590891 0.322006 -0.062244 -0.015454 -0.577775 0.813672
16.266800 -10.043939 -18.518611 0.396034 -0.061934 -0.019339 -0.573811 0.816413
16.300100 -9.895498 -18.443206 0.462002 -0.062852 -0.022777 -0.569246 0.819445
16.333400 -9.747104 -18.366417 0.518359 -0.063646 -0.025106 -0.564855 0.822349
16.366800 -9.598718 -18.287851 0.565065 -0.061977 -0.029645 -0.560757 0.825125
16.400100 -9.451365 -18.207611 0.601589 -0.061866 -0.033598 -0.556403 0.827925
16.433400 -9.307441 -18.117445 0.629588 -0.063780 -0.035137 -0.552120 0.830579
16.466800 -9.160531 -18.032859 0.645155 -0.063846 -0.038351 -0.548043 0.833128
16.500100 -9.014834 -17.946159 0.649723 -0.064300 -0.041185 -0.543316 0.836049
16.533400 -8.869708 -17.858078 0.643306 -0.063902 -0.046945 -0.539623 0.838165
16.566800 -8.726478 -17.762535 0.626139 -0.066178 -0.046900 -0.533660 0.841800
16.600100 -8.582971 -17.669403 0.598256 -0.064663 -0.050896 -0.529273 0.844452
16.633400 -8.439738 -17.575568 0.559871 -0.065178 -0.052185 -0.525153 0.846902
16.666800 -8.297580 -17.477085 0.511560 -0.064176 -0.055924 -0.520742 0.849460
16.700100 -8.156552 -17.376938 0.454015 -0.064527 -0.057751 -0.516436 0.851936
16.733400 -8.015814 -17.275908 0.387517 -0.064568 -0.059505 -0.511150 0.854995
16.766800 -7.884598 -17.153145 0.319480 -0.065206 -0.062154 -0.506176 0.857713
16.800100 -7.758696 -17.026918 0.249854 -0.064485 -0.065294 -0.501556 0.860244
16.833400 -7.620659 -16.919208 0.162080 -0.062673 -0.068218 -0.496277 0.863208
16.866800 -7.482927 -16.809785 0.068640 -0.061770 -0.070065 -0.491871 0.865643
16.900100 -7.346437 -16.699372 -0.028844 -0.060393 -0.072650 -0.487678 0.867897
16.933400 -7.210803 -16.587085 -0.129733 -0.059481 -0.074200 -0.482312 0.870822
16.966800 -7.075700 -16.473369 -0.231796 -0.059939 -0.076449 -0.478471 0.872713
17.000100 -6.941653 -16.357162 -0.336027 -0.059111 -0.076894 -0.472982 0.875717
17.033400 -6.805480 -16.246967 -0.439080 -0.055814 -0.079997 -0.468415 0.878108
17.066700 -6.673233 -16.127549 -0.541944 -0.054263 -0.081316 -0.463495 0.880691
17.100100 -6.539215 -16.012324 -0.643675 -0.051396 -0.083630 -0.459785 0.882588
17.133400 -6.409363 -15.888762 -0.740823 -0.050680 -0.084440 -0.454937 0.885062
17.166700 -6.280292 -15.763807 -0.833548 -0.049682 -0.085758 -0.450739 0.887136
17.200100 -6.150358 -15.639368 -0.921147 -0.047141 -0.087235 -0.445352 0.889848
17.233400 -6.023987 -15.514636 -1.003727 -0.044551 -0.088156 -0.440401 0.892351
17.266700 -5.908375 -15.389563 -1.077909 -0.042856 -0.089315 -0.435475 0.894733
17.300100 -5.780971 -15.260456 -1.142899 -0.042459 -0.090562 -0.430927 0.896826
17.333400 -5.656442 -15.127887 -1.199268 -0.037500 -0.091728 -0.426773 0.898913
17.366700 -5.534295 -14.994500 -1.246689 -0.037048 -0.093597 -0.421925 0.901025
17.400100 -5.416611 -14.858484 -1.282550 -0.034696 -0.093568 -0.416679 0.903560
17.433400 -5.296392 -14.720200 -1.308306 -0.032212 -0.094061 -0.412351 0.905583
17.466700 -5.176123 -14.580912 -1.323855 -0.030334 -0.093773 -0.406910 0.908136
17.500100 -5.056271 -14.440147 -1.328593 -0.029436 -0.093634 -0.402249 0.910254
17.533400 -4.938774 -14.297115 -1.322269 -0.025183 -0.095592 -0.397584 0.912225
17.566700 -4.827636 -14.149564 -1.303699 -0.024205 -0.094960 -0.392904 0.914343
17.600100 -4.712283 -14.005258 -1.274761 -0.022047 -0.095102 -0.387121 0.916846
17.633400 -4.596520 -13.857514 -1.235682 -0.021224 -0.094758 -0.381933 0.919074
17.666700 -4.483121 -13.709036 -1.187308 -0.018713 -0.092606 -0.377761 0.921070
17.700100 -4.374722 -13.559386 -1.128503 -0.016462 -0.093172 -0.372351 0.923257
17.733400 -4.272898 -13.404323 -1.059930 -0.012993 -0.092311 -0.367811 0.925216
17.766700 -4.164048 -13.251199 -0.984271 -0.010128 -0.092043 -0.363030 0.927165
17.800100 -4.056100 -13.094841 -0.900988 -0.008318 -0.090999 -0.357187 0.929552
17.833400 -3.955286 -12.933473 -0.811393 -0.002477 -0.091083 -0.352398 0.931404
17.866700 -3.853414 -12.776020 -0.715654 -0.001751 -0.089308 -0.347983 0.933236
17.900100 -3.748522 -12.615219 -0.616034 -0.000551 -0.088162 -0.341480 0.935745
17.933400 -3.647395 -12.452087 -0.513707 0.002952 -0.086398 -0.337827 0.937230
17.966700 -3.553014 -12.288066 -0.408200 0.004554 -0.084864 -0.332682 0.939202
18.000100 -3.452965 -12.122826 -0.302113 0.007851 -0.083426 -0.326953 0.941318
18.033400 -3.355587 -11.956045 -0.196261 0.009317 -0.081183 -0.323088 0.942834
18.066700 -3.261074 -11.786560 -0.090271 0.012035 -0.080771 -0.316351 0.945121
18.100100 -3.166905 -11.615853 0.012617 0.012706 -0.077789 -0.312993 0.946479
18.133400 -3.074426 -11.444911 0.111426 0.016494 -0.075890 -0.306816 0.948595
18.166700 -2.983233 -11.272567 0.206024 0.016956 -0.074334 -0.302176 0.950198
18.200100 -2.895246 -11.102104 0.296248 0.018803 -0.071491 -0.297669 0.951803
18.233400 -2.805402 -10.928366 0.379085 0.021479 -0.068304 -0.291275 0.953956
18.266700 -2.715708 -10.754244 0.454525 0.022115 -0.066131 -0.286253 0.955613
18.300100 -2.628468 -10.577548 0.521917 0.025501 -0.064237 -0.281072 0.957195
18.333400 -2.545081 -10.398669 0.580088 0.025676 -0.060473 -0.277626 0.958440
18.366700 -2.460942 -10.219931 0.628782 0.028518 -0.058099 -0.271064 0.960383
18.400100 -2.377622 -10.039860 0.667504 0.030175 -0.054718 -0.266878 0.961702
18.433400 -2.298813 -9.857604 0.695577 0.033863 -0.053345 -0.262356 0.962900
18.466700 -2.220014 -9.675045 0.713029 0.035228 -0.049982 -0.257182 0.964426
18.500100 -2.141302 -9.491449 0.719671 0.037771 -0.046939 -0.252477 0.965725
18.533400 -2.064558 -9.306501 0.714326 0.039223 -0.042871 -0.246558 0.967385
18.566700 -1.988473 -9.121173 0.698570 0.038865 -0.039369 -0.242796 0.968499
18.600100 -1.907936 -8.933636 0.669761 0.039240 -0.036373 -0.237001 0.970035
18.633400 -1.834936 -8.746272 0.632895 0.039345 -0.033453 -0.232230 0.971289
18.666700 -1.763803 -8.557790 0.585970 0.042086 -0.030234 -0.227810 0.972326
18.700100 -1.693265 -8.367115 0.529357 0.041196 -0.026574 -0.223961 0.973364
18.733400 -1.624539 -8.176900 0.464209 0.042343 -0.023834 -0.217728 0.974799
18.766700 -1.552094 -7.985599 0.389879 0.043537 -0.019599 -0.212786 0.975932
18.800100 -1.484924 -7.791506 0.308800 0.044838 -0.016644 -0.208492 0.976854
18.833400 -1.418663 -7.595456 0.222474 0.045108 -0.013941 -0.202592 0.978124
18.866700 -1.354206 -7.401563 0.129817 0.047273 -0.009192 -0.196896 0.979241
18.900100 -1.291415 -7.206080 0.032450 0.048824 -0.006484 -0.192004 0.980157
18.933400 -1.230064 -7.010367 -0.067859 0.049012 -0.002890 -0.186318 0.981262
18.966700 -1.170369 -6.813855 -0.170612 0.049786 0.000638 -0.181518 0.982126
19.000100 -1.112996 -6.615555 -0.274916 0.048411 0.004328 -0.177409 0.982936
19.033400 -1.047917 -6.411328 -0.379972 0.050648 0.007606 -0.172417 0.983692
19.066700 -0.988129 -6.203135 -0.482645 0.050214 0.011359 -0.167187 0.984580
19.100100 -0.932593 -5.997398 -0.582637 0.049030 0.014276 -0.160922 0.985645
19.133400 -0.881680 -5.795686 -0.679549 0.048776 0.018648 -0.157407 0.986152
19.166700 -0.830566 -5.594016 -0.772069 0.051091 0.021036 -0.152108 0.986818
19.200100 -0.780287 -5.391415 -0.859374 0.051500 0.025625 -0.147787 0.987345
19.233400 -0.729790 -5.190671 -0.942092 0.052196 0.028941 -0.141741 0.988103
19.266700 -0.685197 -4.987503 -1.015730 0.052119 0.032422 -0.136815 0.988693
19.300000 -0.641391 -4.783689 -1.081169 0.051534 0.035536 -0.132238 0.989239
19.333400 -0.599514 -4.578455 -1.137536 0.051571 0.038812 -0.126269 0.989894
19.366700 -0.559359 -4.373363 -1.184452 0.050567 0.042293 -0.121336 0.990420
19.400000 -0.518961 -4.168338 -1.221338 0.049096 0.044740 -0.115244 0.991114
19.433400 -0.480068 -3.962209 -1.247977 0.048645 0.048366 -0.110114 0.991549
19.466700 -0.443635 -3.756050 -1.263886 0.048036 0.050951 -0.104627 0.992043
19.500000 -0.409723 -3.548813 -1.268940 0.044685 0.054589 -0.100343 0.992449
19.533400 -0.376702 -3.341351 -1.262962 0.042364 0.057410 -0.095808 0.992839
19.566700 -0.340664 -3.135738 -1.248069 0.039688 0.060059 -0.090085 0.993329
19.600000 -0.309364 -2.931368 -1.222240 0.039936 0.063529 -0.085722 0.993489
19.633400 -0.281977 -2.722744 -1.184201 0.039815 0.065718 -0.080507 0.993788
19.666700 -0.255158 -2.514769 -1.136458 0.040343 0.068848 -0.076545 0.993868
19.700000 -0.229054 -2.307119 -1.079464 0.038507 0.071518 -0.070374 0.994208
19.733400 -0.203423 -2.103746 -1.016804 0.036450 0.075092 -0.066887 0.994263
19.766700 -0.181599 -1.895198 -0.942902 0.035224 0.076755 -0.061109 0.994552
19.800000 -0.162196 -1.686299 -0.861688 0.033428 0.078371 -0.055327 0.994826
19.833400 -0.140341 -1.481462 -0.776504 0.032183 0.083358 -0.050102 0.994739
19.866700 -0.123406 -1.272694 -0.683588 0.032013 0.083351 -0.044843 0.994996
19.900000 -0.108619 -1.063479 -0.586290 0.028624 0.084744 -0.039910 0.995192
19.933400 -0.093555 -0.856749 -0.485602 0.025908 0.086037 -0.034227 0.995367
19.966700 -0.081120 -0.647289 -0.382633 0.023381 0.087834 -0.028533 0.995452
