0.433333 -0.014424 2.086023 0.677246 0.051711 0.053276 0.044296 0.996256
0.466667 0.007352 2.292442 0.710740 0.055534 0.064514 0.040956 0.995528
0.500000 0.072879 2.496903 0.730134 0.060262 0.074839 0.037350 0.994672
0.533333 0.147177 2.696406 0.745405 0.069795 0.090100 0.039383 0.992703
0.566667 0.145536 2.901235 0.735855 0.070782 0.093528 0.043122 0.992161
0.600000 0.147928 3.105368 0.716296 0.068896 0.097301 0.044633 0.991864
0.633333 0.168598 3.307203 0.690404 0.069593 0.104266 0.045853 0.991051
0.666667 0.247829 3.501477 0.671862 0.081309 0.125818 0.046392 0.987627
0.700000 0.285205 3.699063 0.632869 0.082025 0.137352 0.046813 0.986010
0.733334 0.309407 3.896497 0.586626 0.080875 0.148869 0.049621 0.984294
0.766667 0.312907 4.096230 0.524236 0.080639 0.151114 0.051631 0.983868
0.800000 0.315432 4.295340 0.454895 0.079327 0.153831 0.055356 0.983351
0.833334 0.294561 4.493543 0.384155 0.082187 0.158114 0.064029 0.981909
0.866667 0.294553 4.690342 0.303577 0.081927 0.160020 0.065361 0.981534
0.900000 0.315013 4.876357 0.250147 0.086507 0.173506 0.071966 0.978383
0.933334 0.316063 5.069350 0.163651 0.083626 0.174828 0.074021 0.978245
0.966667 0.317277 5.260752 0.074729 0.083634 0.176872 0.077424 0.977613
1.000000 0.318752 5.450353 -0.015251 0.083710 0.177648 0.081460 0.977138
1.033330 0.256128 5.630666 -0.071160 0.081398 0.177731 0.086750 0.976863
1.066670 0.256391 5.815744 -0.158559 0.080357 0.179822 0.090643 0.976212
1.100000 0.257625 5.998521 -0.243733 0.079518 0.181484 0.093563 0.975698
1.133330 -0.034366 6.170504 -0.265688 0.062602 0.167716 0.105585 0.978164
1.166670 -0.043569 6.349669 -0.340464 0.060349 0.169443 0.111504 0.977350
1.200000 -0.051860 6.526578 -0.409709 0.058671 0.171510 0.116687 0.976487
1.233330 -0.059055 6.701119 -0.472507 0.055280 0.170931 0.121651 0.976180
1.266670 -0.064916 6.873142 -0.527931 0.054186 0.172600 0.125838 0.975417
1.300000 -0.069107 7.042741 -0.575226 0.053369 0.174142 0.126670 0.975080
1.333330 -0.071480 7.209882 -0.613774 0.049947 0.175725 0.130829 0.974428
1.366670 -0.252803 7.354746 -0.641208 0.038039 0.168229 0.138878 0.975174
1.400000 -0.261269 7.518436 -0.660030 0.035680 0.169616 0.144445 0.974214
1.433330 -0.268047 7.679728 -0.668504 0.035454 0.169172 0.148619 0.973671
1.466670 -0.273067 7.838634 -0.666304 0.035552 0.168904 0.150618 0.973407
1.500000 -0.276158 7.994909 -0.653264 0.034163 0.167912 0.154922 0.972953
1.533330 -0.277435 8.148637 -0.629452 0.032349 0.165954 0.161719 0.972245
1.566670 -0.276885 8.299753 -0.594622 0.032521 0.165215 0.168698 0.971178
1.600000 -0.274613 8.447975 -0.549267 0.032778 0.165360 0.173368 0.970322
1.633330 -0.396996 8.571632 -0.508145 0.024480 0.164060 0.177612 0.970020
1.666670 -0.396267 8.716992 -0.442451 0.025292 0.164018 0.182595 0.969081
1.700000 -0.393924 8.859893 -0.367277 0.024154 0.163855 0.187337 0.968232
1.733330 -0.390160 9.000296 -0.283305 0.020626 0.161015 0.196403 0.966992
1.766670 -0.385014 9.138057 -0.191303 0.019397 0.158504 0.200290 0.966636
1.800000 -0.378546 9.273254 -0.092055 0.017065 0.156793 0.203253 0.966340
1.833330 -0.458912 9.391629 -0.001052 0.011139 0.155054 0.206357 0.966049
1.866670 -0.468495 9.520815 0.103677 0.010122 0.151720 0.210598 0.965674
1.900000 -0.463211 9.651215 0.219143 0.005690 0.148467 0.212856 0.965721
1.933330 -0.457479 9.779575 0.337975 0.005261 0.145702 0.214924 0.965687
1.966670 -0.451533 9.905940 0.459172 0.004923 0.143542 0.220544 0.964744
2.000000 -0.445138 10.030333 0.581729 0.001442 0.139212 0.225114 0.964335
2.033330 -0.438645 10.152701 0.704387 -0.000541 0.138176 0.229312 0.963495
2.066670 -0.432410 10.273298 0.825981 -0.003459 0.135175 0.236440 0.962191
2.100000 -0.426486 10.391945 0.945376 -0.006659 0.134565 0.239240 0.961567
2.133330 -0.421056 10.508820 1.061498 -0.007209 0.134219 0.242508 0.960793
2.166670 -0.416262 10.624061 1.173409 -0.007374 0.132453 0.245067 0.960387
2.200000 -0.635873 10.678806 1.230485 -0.015744 0.127818 0.245989 0.960679
2.233330 -0.862745 10.765831 1.205315 -0.026052 0.121793 0.247947 0.960734
2.266670 -1.083671 10.922379 1.209324 -0.033750 0.114040 0.250708 0.960730
2.300000 -1.302460 11.107431 1.221663 -0.039306 0.102609 0.257480 0.960016
2.333330 -1.461305 11.264397 1.268767 -0.044317 0.096751 0.262462 0.959056
2.366670 -1.588342 11.434916 1.312788 -0.046297 0.092063 0.263438 0.959157
2.400000 -1.723174 11.609767 1.349388 -0.049754 0.086104 0.268315 0.958185
2.433330 -1.864207 11.785057 1.375313 -0.050671 0.080628 0.274018 0.956998
2.466670 -2.066321 12.044117 1.363752 -0.052737 0.073183 0.279916 0.955777
2.500000 -2.149887 12.188678 1.381062 -0.050482 0.069512 0.284532 0.954810
2.533330 -2.233977 12.335597 1.387763 -0.047719 0.065817 0.288593 0.953994
2.566670 -2.345979 12.496053 1.383847 -0.047083 0.060432 0.292419 0.953217
2.600000 -2.450553 12.711334 1.346768 -0.044675 0.053704 0.297574 0.952140
2.633330 -2.548438 12.839065 1.326125 -0.045129 0.050774 0.300143 0.951472
2.666670 -2.638880 12.980162 1.293094 -0.044019 0.046440 0.302854 0.950886
2.700000 -2.780294 13.352762 1.180753 -0.041573 0.043375 0.311385 0.948383
2.733330 -2.865006 13.474354 1.132159 -0.042645 0.038295 0.314581 0.947498
2.766670 -2.950608 13.594332 1.075668 -0.043837 0.034116 0.317467 0.946641
2.800000 -3.140357 13.848494 0.984661 -0.045666 0.031933 0.326330 0.943612
2.833330 -3.231075 13.966206 0.914266 -0.045932 0.027408 0.329461 0.942653
2.866670 -3.335745 14.160929 0.814307 -0.044320 0.026116 0.335658 0.940578
2.900000 -3.430366 14.275373 0.734073 -0.039390 0.021533 0.340894 0.939029
2.933330 -3.519158 14.448187 0.639440 -0.039599 0.024735 0.344848 0.937497
2.966670 -3.616989 14.558758 0.554028 -0.039556 0.021261 0.350619 0.935441
3.000000 -3.721831 14.736079 0.452194 -0.040183 0.022300 0.354815 0.933806
3.033330 -3.822181 14.843405 0.366333 -0.041017 0.018093 0.357396 0.932877
3.066670 -3.930110 15.051713 0.261143 -0.047538 0.022568 0.363609 0.930064
3.100000 -4.032803 15.156447 0.179619 -0.048712 0.019568 0.369069 0.927918
3.133330 -4.140396 15.274969 0.099468 -0.049206 0.016907 0.372640 0.926516
3.166670 -4.246365 15.380848 0.025614 -0.047425 0.013990 0.376822 0.924965
3.200000 -4.356558 15.485061 -0.043698 -0.045348 0.011775 0.381006 0.923385
3.233330 -4.463802 15.585150 -0.105507 -0.043037 0.008433 0.385450 0.921686
3.266660 -4.576131 15.689177 -0.169329 -0.040700 0.007525 0.391003 0.919458
3.300000 -4.682111 15.781873 -0.214978 -0.034977 0.003211 0.394144 0.918377
3.333330 -4.780781 15.882056 -0.259736 -0.034956 0.005102 0.400213 0.915741
3.366660 -4.882909 15.969360 -0.292035 -0.034404 0.006446 0.405407 0.913466
3.400000 -4.988034 16.053809 -0.310236 -0.031800 0.005332 0.409114 0.911913
3.433330 -5.086133 16.143646 -0.323438 -0.029841 0.004677 0.414106 0.909727
3.466660 -5.188476 16.225738 -0.320533 -0.026954 0.002138 0.417495 0.908277
3.500000 -5.290350 16.305484 -0.306629 -0.024477 0.000844 0.422845 0.905871
3.533330 -5.386958 16.391760 -0.290555 -0.025580 0.000673 0.426970 0.903904
3.566660 -5.486121 16.466544 -0.255765 -0.024638 -0.000848 0.431162 0.901938
3.600000 -5.582219 16.539292 -0.209962 -0.023533 -0.003921 0.433940 0.900626
3.633330 -5.665725 16.611651 -0.151967 -0.022065 -0.005416 0.436164 0.899580
3.666660 -5.737773 16.697419 -0.088489 -0.020784 -0.006438 0.442442 0.896533
3.700000 -5.834776 16.762185 -0.011522 -0.017046 -0.009043 0.447797 0.893927
3.733330 -5.930099 16.825937 0.073984 -0.013877 -0.010709 0.451050 0.892326
3.766660 -6.023375 16.888674 0.167398 -0.009628 -0.013528 0.453893 0.890901
3.800000 -6.116229 16.948936 0.268359 -0.006450 -0.015566 0.457981 0.888802
3.833330 -6.208139 17.006820 0.375598 -0.002310 -0.016215 0.463786 0.885796
3.866660 -6.305871 17.122847 0.458382 -0.001461 -0.021936 0.467993 0.883459
3.900000 -6.398472 17.179099 0.575000 0.003120 -0.022383 0.475372 0.879495
3.933330 -6.490648 17.232505 0.695098 0.006976 -0.022510 0.480774 0.876528
3.966660 -6.582531 17.282907 0.817586 0.013024 -0.023761 0.484848 0.874179
4.000000 -6.674307 17.330241 0.941226 0.017067 -0.025612 0.488260 0.872155
4.033330 -6.765960 17.374463 1.064719 0.018839 -0.026166 0.491203 0.870448
4.066660 -6.857556 17.415528 1.187129 0.020286 -0.024839 0.496401 0.867501
4.100000 -6.985132 17.508207 1.285806 0.022309 -0.031146 0.501018 0.864589
4.133330 -7.083095 17.554946 1.397949 0.025476 -0.033582 0.506892 0.860978
4.166660 -7.190997 17.615239 1.490783 0.027771 -0.038783 0.510546 0.858526
4.200000 -7.295269 17.662854 1.586562 0.029189 -0.039899 0.513821 0.856472
4.233330 -7.397282 17.703309 1.678837 0.031074 -0.038458 0.517056 0.854522
4.266660 -7.481809 17.752731 1.760673 0.033447 -0.042513 0.521471 0.851552
4.300000 -7.572672 17.796747 1.832032 0.033233 -0.045610 0.525869 0.848692
4.333330 -7.703337 17.912633 1.879449 0.034270 -0.048005 0.530405 0.845690
4.366660 -7.803145 17.934823 1.944256 0.036888 -0.049486 0.534336 0.843015
4.400000 -7.903115 17.953634 1.999064 0.040263 -0.046850 0.538084 0.840625
4.433330 -8.003411 17.969031 2.043382 0.042175 -0.047364 0.541859 0.838073
4.466660 -8.103875 17.981167 2.077117 0.043460 -0.047148 0.545914 0.835384
4.500000 -8.204605 17.989708 2.099862 0.046833 -0.046759 0.549123 0.833117
4.533330 -8.318030 17.986186 2.109163 0.046133 -0.048037 0.554000 0.829848
4.566660 -8.490763 18.069376 2.085724 0.048442 -0.048940 0.558567 0.826596
4.600000 -8.594706 18.070870 2.075381 0.050949 -0.047208 0.560604 0.825166
4.633330 -8.698713 18.069208 2.054621 0.052977 -0.045599 0.565649 0.821679
4.666660 -8.813699 18.063667 2.021953 0.054605 -0.044050 0.569426 0.819043
4.700000 -8.918056 18.055437 1.981570 0.058132 -0.041249 0.573344 0.816208
4.733330 -9.022165 18.043828 1.932140 0.058631 -0.041333 0.576801 0.813729
4.766660 -9.256481 18.141198 1.838017 0.062547 -0.044181 0.582943 0.808896
4.800000 -9.390734 18.131455 1.771477 0.064637 -0.041457 0.587529 0.805551
4.833330 -9.498954 18.114121 1.698860 0.067363 -0.039825 0.593664 0.800899
4.866660 -9.606814 18.093935 1.620593 0.068415 -0.038433 0.599108 0.796813
4.900000 -9.714299 18.070887 1.537729 0.067683 -0.036243 0.603480 0.793673
4.933330 -9.964389 18.148513 1.425689 0.071272 -0.039779 0.606009 0.791259
4.966660 -10.075140 18.123245 1.336174 0.073838 -0.038029 0.611813 0.786630
5.000000 -10.185231 18.095266 1.245340 0.075785 -0.036604 0.617035 0.782422
5.033330 -10.294386 18.064270 1.154387 0.078511 -0.034428 0.622142 0.778197
5.066660 -10.402541 18.030303 1.064562 0.078461 -0.030692 0.625721 0.775484
5.100000 -10.632385 18.105395 0.948306 0.080105 -0.029668 0.629913 0.771953
5.133330 -10.742252 18.069381 0.863400 0.082329 -0.026912 0.633901 0.768549
5.166660 -10.851063 18.030806 0.782941 0.083098 -0.023974 0.636324 0.766559
5.200000 -10.967989 17.992957 0.706554 0.080704 -0.023948 0.640842 0.763044
5.233330 -11.074845 17.949485 0.637880 0.079974 -0.020204 0.644812 0.759877
5.266660 -11.180445 17.903408 0.576350 0.081502 -0.015920 0.650666 0.754810
5.300000 -11.457545 17.976373 0.470547 0.080129 -0.014891 0.655638 0.750664
5.333330 -11.568627 17.930939 0.424233 0.081584 -0.012727 0.658920 0.747667
5.366660 -11.675948 17.880269 0.387535 0.082369 -0.012027 0.662617 0.744318
5.400000 -11.887105 17.903737 0.351919 0.081207 -0.009972 0.666134 0.741330
5.433330 -12.188065 17.977936 0.317310 0.081795 -0.012674 0.670610 0.737178
5.466660 -12.369795 18.001514 0.304440 0.082294 -0.010414 0.674562 0.733543
5.500000 -12.544842 18.101253 0.243060 0.081111 -0.003613 0.680036 0.728669
5.533330 -12.713997 18.057588 0.236495 0.079236 -0.000550 0.685462 0.723784
5.566660 -12.846676 18.009375 0.252806 0.080488 0.001734 0.689335 0.719956
5.600000 -12.958807 17.950836 0.287172 0.081144 0.004892 0.691351 0.717931
5.633330 -13.144349 18.124056 0.267512 0.075777 0.006766 0.695515 0.714473
5.666660 -13.256505 18.066850 0.320637 0.076135 0.010285 0.697777 0.712183
5.700000 -13.367404 18.007220 0.383229 0.077425 0.012552 0.701427 0.708413
5.733330 -13.528008 18.157736 0.420186 0.072030 0.013633 0.705006 0.705402
5.766660 -13.664799 18.125026 0.493208 0.068339 0.015564 0.710476 0.700223
5.800000 -13.795193 18.082668 0.575847 0.067798 0.018724 0.713798 0.696811
5.833330 -13.994002 18.168326 0.650522 0.063540 0.020187 0.718667 0.692151
5.866660 -14.107205 18.108595 0.748251 0.062814 0.023880 0.723416 0.687134
5.900000 -14.334464 18.142486 0.838970 0.060717 0.025208 0.727050 0.683430
5.933330 -14.450767 18.081314 0.944122 0.058454 0.029886 0.731301 0.678888
5.966660 -14.683639 18.151121 1.034190 0.053623 0.031427 0.736149 0.673960
6.000000 -14.803076 18.089423 1.141993 0.050909 0.034441 0.739338 0.670524
6.033330 -14.976601 18.051947 1.232929 0.048685 0.036932 0.742693 0.666838
6.066660 -15.110171 18.007203 1.334853 0.047691 0.038679 0.744024 0.665326
6.100000 -15.309354 18.014662 1.421319 0.043406 0.040481 0.747389 0.661730
6.133330 -15.432109 17.949453 1.520934 0.042322 0.041104 0.750238 0.658531
6.166660 -15.629442 17.935138 1.602013 0.040452 0.043412 0.752472 0.655946
6.200000 -15.754484 17.866993 1.691220 0.036011 0.043833 0.755511 0.652675
6.233330 -15.946223 17.842750 1.762374 0.032396 0.042784 0.759454 0.648344
6.266660 -16.073348 17.772550 1.837116 0.029793 0.045746 0.760787 0.646701
6.300000 -16.247839 17.734466 1.895270 0.026663 0.046714 0.765702 0.640942
6.333330 -16.390653 17.667718 1.950321 0.024181 0.048889 0.768761 0.637207
6.366660 -16.572598 17.633698 1.989224 0.016790 0.049631 0.771867 0.633621
6.400000 -16.703711 17.558668 2.026580 0.013164 0.050240 0.774960 0.629872
6.433330 -16.833919 17.481345 2.053478 0.009493 0.050785 0.778508 0.625505
6.466660 -17.009323 17.445536 2.061729 0.005918 0.051894 0.782550 0.620393
6.500000 -17.140234 17.365904 2.066622 0.002590 0.053496 0.786017 0.615881
6.533330 -17.270192 17.283827 2.060535 0.001601 0.055875 0.789693 0.610950
6.566660 -17.411765 17.208383 2.043158 -0.001551 0.055665 0.793381 0.606173
6.600000 -17.539986 17.120726 2.015510 -0.004838 0.056014 0.797313 0.600942
6.633330 -17.666271 17.029212 1.977609 -0.007485 0.057954 0.800421 0.596584
6.666660 -17.792619 16.937230 1.929536 -0.009110 0.059164 0.804116 0.591451
6.700000 -17.900427 16.829651 1.878560 -0.011177 0.063647 0.806884 0.587165
6.733330 -18.024774 16.734352 1.812406 -0.013640 0.066433 0.811517 0.580380
6.766660 -18.152623 16.639494 1.737507 -0.017679 0.070621 0.814499 0.575579
6.799990 -18.275733 16.541046 1.655719 -0.020038 0.073629 0.816287 0.572584
6.833330 -18.401041 16.442252 1.567328 -0.023656 0.072663 0.819444 0.568043
6.866660 -18.517808 16.328151 1.475200 -0.025552 0.070644 0.820678 0.566431
6.899990 -18.636083 16.203500 1.386897 -0.025833 0.070261 0.823946 0.561702
6.933330 -18.753939 16.093901 1.285780 -0.028933 0.069284 0.825756 0.559007
6.966660 -18.870570 15.982354 1.182336 -0.032094 0.069831 0.828054 0.555356
6.999990 -18.986112 15.868956 1.077624 -0.035008 0.070064 0.830432 0.551587
7.033330 -19.100337 15.753320 0.972823 -0.037554 0.068946 0.832558 0.548346
7.066660 -19.213290 15.635452 0.869183 -0.041925 0.067455 0.835420 0.543844
7.099990 -19.325310 15.515681 0.767709 -0.046212 0.067805 0.836788 0.541344
7.133330 -19.452252 15.396377 0.676246 -0.046471 0.064889 0.840190 0.536387
7.166660 -19.562571 15.272294 0.582796 -0.048859 0.067034 0.842779 0.531830
7.199990 -19.671768 15.146300 0.494872 -0.052096 0.067694 0.844441 0.528793
7.233330 -19.779755 15.018349 0.413271 -0.054010 0.067384 0.848288 0.522446
7.266660 -19.886512 14.888381 0.339003 -0.056111 0.066272 0.851380 0.517313
7.299990 -19.991898 14.756205 0.272858 -0.059909 0.064472 0.854613 0.511754
7.333330 -20.150323 14.631873 0.223447 -0.060391 0.065211 0.857545 0.506672
7.366660 -20.254667 14.495579 0.175864 -0.061766 0.065688 0.861021 0.500513
7.399990 -20.356967 14.356868 0.138301 -0.063424 0.064639 0.863639 0.495910
7.433330 -20.458148 14.216689 0.111232 -0.065648 0.063120 0.866063 0.491570
7.466660 -20.557786 14.074519 0.095163 -0.068361 0.061763 0.868094 0.487776
7.499990 -20.656068 13.930641 0.090130 -0.071927 0.059169 0.870208 0.483802
7.533330 -20.752870 13.784877 0.095935 -0.072592 0.059146 0.872453 0.479644
7.566660 -20.944603 13.669950 0.119273 -0.073730 0.055949 0.875543 0.474191
7.599990 -21.041604 13.520795 0.147072 -0.077048 0.053614 0.878434 0.468554
7.633330 -21.137259 13.369630 0.185283 -0.081738 0.050398 0.880678 0.463881
7.666660 -21.234085 13.211906 0.233327 -0.082985 0.050571 0.883660 0.457931
7.699990 -21.368832 13.022769 0.292194 -0.084604 0.048360 0.886442 0.452465
7.733330 -21.464778 12.862934 0.359662 -0.085702 0.044510 0.888919 0.447770
7.766660 -21.687623 12.751320 0.443680 -0.086965 0.041364 0.892005 0.441647
7.799990 -21.781675 12.589649 0.525957 -0.086097 0.039021 0.894394 0.437178
7.833330 -21.874227 12.425984 0.614785 -0.089097 0.035462 0.896421 0.432704
7.866660 -21.965298 12.260251 0.709247 -0.090554 0.031156 0.897606 0.430271
7.899990 -22.190110 12.111519 0.818364 -0.089065 0.027332 0.899641 0.426576
7.933330 -22.281975 11.940952 0.921033 -0.089986 0.026024 0.902566 0.420238
7.966660 -22.373049 11.769100 1.026050 -0.089714 0.024007 0.904675 0.415858
7.999990 -22.462921 11.595582 1.132014 -0.089495 0.022464 0.906970 0.410963
8.033330 -22.703475 11.481462 1.242481 -0.090084 0.016979 0.909034 0.406514
8.066660 -22.793879 11.304132 1.347769 -0.090347 0.014162 0.910427 0.403434
8.099990 -22.882849 11.125026 1.451057 -0.088137 0.012269 0.912936 0.398284
8.133330 -22.970422 10.944164 1.551105 -0.089153 0.011438 0.914895 0.393559
8.166660 -23.204767 10.845831 1.640380 -0.088576 0.010506 0.917425 0.387782
8.200000 -23.294011 10.663843 1.729997 -0.088968 0.009087 0.918145 0.386022
8.233330 -23.379561 10.478487 1.812812 -0.088567 0.006404 0.920877 0.379606
8.266660 -23.466575 10.294166 1.889002 -0.088329 0.003744 0.922915 0.374716
8.300000 -23.552249 10.108371 1.957182 -0.088247 0.001438 0.925437 0.368480
8.333330 -23.738481 9.989362 2.018777 -0.088812 -0.001062 0.927721 0.362554
8.366660 -23.824529 9.802337 2.068471 -0.086778 -0.003726 0.929161 0.359327
8.400000 -23.908541 9.613943 2.108420 -0.085188 -0.006134 0.931050 0.354755
8.433330 -23.991098 9.424443 2.137964 -0.082749 -0.007867 0.932160 0.352376
8.466670 -24.070543 9.232630 2.156710 -0.082778 -0.012657 0.934560 0.345811
8.500000 -24.150390 9.041181 2.164769 -0.082557 -0.016033 0.935963 0.341908
8.533330 -24.318291 8.952328 2.159338 -0.082529 -0.016511 0.937481 0.337706
8.566670 -24.396570 8.760994 2.145628 -0.080842 -0.018723 0.939030 0.333671
8.600000 -24.470088 8.566973 2.120968 -0.080925 -0.022323 0.940299 0.329835
8.633340 -24.545441 8.373431 2.086297 -0.077670 -0.022031 0.942061 0.325582
8.666670 -24.710977 8.261816 2.032871 -0.075783 -0.024397 0.943885 0.320535
8.700000 -24.785025 8.068242 1.978667 -0.073391 -0.025091 0.946016 0.314703
8.733340 -24.861782 7.882728 1.912618 -0.071441 -0.026937 0.947981 0.309035
8.766670 -25.043883 7.776512 1.831959 -0.071071 -0.028800 0.950010 0.302654
8.800000 -25.116187 7.582671 1.752987 -0.067855 -0.031495 0.951374 0.298818
8.833340 -25.261587 7.456067 1.659769 -0.066984 -0.033935 0.952671 0.294583
8.866670 -25.333583 7.263008 1.568899 -0.065723 -0.035876 0.953964 0.290424
8.900010 -25.468350 7.138909 1.470513 -0.064961 -0.038165 0.955900 0.283865
8.933340 -25.539565 6.946826 1.371975 -0.062592 -0.041796 0.957037 0.280027
8.966670 -25.657914 6.791363 1.262343 -0.059301 -0.043820 0.958259 0.276230
9.000010 -25.727946 6.598787 1.160081 -0.058365 -0.044920 0.959860 0.270639
9.033340 -25.778098 6.406717 1.047557 -0.053258 -0.045910 0.961594 0.265317
9.066670 -25.844225 6.212525 0.946260 -0.050005 -0.049951 0.963035 0.259939
9.100010 -25.917601 6.056500 0.839379 -0.048211 -0.050649 0.964387 0.255084
9.133340 -25.981345 5.862067 0.743427 -0.046260 -0.052447 0.965380 0.251297
9.166680 -26.035159 5.710204 0.647577 -0.041234 -0.052409 0.967002 0.245887
9.200010 -26.095586 5.516279 0.561415 -0.038335 -0.051672 0.968202 0.241756
9.233340 -26.156342 5.364823 0.479857 -0.035973 -0.052099 0.969977 0.234810
9.266680 -26.213680 5.171419 0.407800 -0.034129 -0.053338 0.970749 0.231598
9.300010 -26.271596 5.016283 0.342237 -0.031421 -0.054970 0.971798 0.227157
9.333340 -26.326589 4.823940 0.287611 -0.027290 -0.056905 0.973079 0.221661
9.366680 -26.388807 4.660053 0.240346 -0.022979 -0.057451 0.974415 0.216069
9.400010 -26.441846 4.468185 0.205416 -0.017272 -0.060268 0.975218 0.212178
9.433350 -26.509613 4.289249 0.179556 -0.013017 -0.060977 0.976188 0.207774
9.466680 -26.559890 4.096582 0.165880 -0.007167 -0.062246 0.976790 0.204829
9.500010 -26.615227 3.904691 0.163293 -0.004293 -0.064013 0.977740 0.199773
9.533350 -26.663213 3.710673 0.171777 0.000360 -0.066270 0.978642 0.194595
9.566680 -26.709641 3.515809 0.191207 0.003000 -0.068536 0.979543 0.189179
9.600010 -26.765718 3.328187 0.221720 0.006290 -0.069689 0.980709 0.182520
9.633350 -26.811081 3.133065 0.261915 0.009545 -0.071410 0.981712 0.176211
9.666680 -26.857428 2.941421 0.311516 0.010464 -0.071313 0.982061 0.174244
9.700020 -26.914015 2.752328 0.372390 0.013889 -0.072258 0.982717 0.169861
9.733350 -26.954275 2.553891 0.441625 0.019182 -0.073784 0.983201 0.165842
9.766680 -26.993024 2.354449 0.519118 0.022345 -0.075313 0.984192 0.158730
9.800020 -27.041485 2.162230 0.606338 0.025257 -0.075858 0.984837 0.153963
9.833350 -27.077473 1.961450 0.697735 0.028172 -0.076104 0.985933 0.146118
9.866680 -27.111867 1.759865 0.794586 0.030629 -0.074930 0.986798 0.140278
9.900020 -27.144755 1.557419 0.895876 0.032025 -0.075789 0.987640 0.133412
9.933350 -27.188930 1.347668 0.995913 0.035367 -0.077588 0.988264 0.126742
9.966690 -27.221329 1.144078 1.103563 0.038197 -0.075911 0.988959 0.121404
10.000000 -27.251696 0.940466 1.212266 0.039957 -0.074637 0.989176 0.119849
10.033400 -27.292440 0.733955 1.319283 0.044720 -0.073698 0.989713 0.114175
10.066700 -27.319021 0.528639 1.426767 0.049615 -0.073885 0.990299 0.106708
10.100000 -27.343660 0.322948 1.532073 0.054125 -0.074922 0.990690 0.099955
10.133400 -27.376306 0.099314 1.629097 0.057587 -0.074447 0.991238 0.092672
10.166700 -27.398626 -0.107431 1.726534 0.058380 -0.073141 0.991726 0.087878
10.200000 -27.420824 -0.313694 1.819182 0.060817 -0.071418 0.991926 0.085341
10.233400 -27.442026 -0.520045 1.905473 0.061783 -0.068746 0.992431 0.080857
10.266700 -27.484746 -0.724044 1.980729 0.064812 -0.066440 0.992820 0.075456
10.300000 -27.501212 -0.930853 2.051344 0.067509 -0.068450 0.992870 0.070474
10.333400 -27.515728 -1.138325 2.113273 0.072817 -0.067039 0.993112 0.062706
10.366700 -27.528870 -1.344939 2.165527 0.075397 -0.066549 0.993292 0.057073
10.400000 -27.555746 -1.584064 2.196052 0.075028 -0.066766 0.993727 0.049198
10.433400 -27.565499 -1.792120 2.227675 0.079760 -0.065358 0.993650 0.045025
10.466700 -27.573987 -1.999091 2.248649 0.081096 -0.064957 0.993751 0.040790
10.500000 -27.580585 -2.205698 2.258867 0.083000 -0.063336 0.993899 0.035563
10.533400 -27.592332 -2.452531 2.246592 0.086292 -0.060777 0.993900 0.031980
10.566700 -27.595184 -2.659741 2.234686 0.089737 -0.055953 0.994073 0.025201
10.600000 -27.593739 -2.868769 2.211818 0.091922 -0.053184 0.994166 0.018887
10.633400 -27.602638 -3.129484 2.165002 0.095313 -0.052323 0.994000 0.011922
10.666700 -27.601845 -3.337239 2.122084 0.097450 -0.048330 0.994056 0.004442
10.700000 -27.599444 -3.544397 2.069640 0.099220 -0.047387 0.993935 -0.001502
10.733400 -27.607797 -3.793570 1.996695 0.100015 -0.045742 0.993914 -0.006334
10.766700 -27.601907 -4.001358 1.926813 0.100344 -0.043629 0.993910 -0.013066
10.800000 -27.594779 -4.208592 1.849652 0.103012 -0.040410 0.993697 -0.017930
10.833400 -27.621041 -4.452487 1.753440 0.105160 -0.037562 0.993464 -0.023680
10.866700 -27.611869 -4.660523 1.664134 0.106507 -0.034128 0.993341 -0.027657
10.900000 -27.640489 -4.893257 1.560162 0.107172 -0.033090 0.993201 -0.031168
10.933400 -27.629156 -5.102318 1.462397 0.105433 -0.030387 0.993272 -0.037043
10.966700 -27.616605 -5.310709 1.362457 0.106020 -0.028597 0.993147 -0.040016
11.000000 -27.635240 -5.533170 1.253654 0.104941 -0.025320 0.993084 -0.046167
11.033400 -27.654505 -5.744123 1.146573 0.107062 -0.025439 0.992548 -0.052332
11.066700 -27.638739 -5.953181 1.046539 0.105665 -0.024395 0.992394 -0.058263
11.100000 -27.621099 -6.162408 0.948886 0.103926 -0.021970 0.992328 -0.063258
11.133400 -27.618782 -6.361596 0.852267 0.104155 -0.018300 0.992094 -0.067568
11.166700 -27.599002 -6.570723 0.762461 0.104118 -0.014200 0.991716 -0.073876
11.200000 -27.578954 -6.780169 0.678170 0.104641 -0.010934 0.991325 -0.078779
11.233400 -27.573623 -6.984000 0.598593 0.103791 -0.009258 0.991036 -0.083608
11.266700 -27.549235 -7.193470 0.527833 0.103828 -0.008199 0.990571 -0.089000
11.300000 -27.522805 -7.403171 0.465218 0.100192 -0.003810 0.990466 -0.094469
11.333400 -27.506730 -7.591454 0.411497 0.099089 0.000530 0.989958 -0.100819
11.366700 -27.477086 -7.800117 0.367406 0.095727 0.002803 0.989496 -0.108291
11.400000 -27.445418 -8.008679 0.333429 0.093101 0.004374 0.989306 -0.112192
11.433400 -27.411842 -8.217968 0.309789 0.089975 0.003477 0.988863 -0.118500
11.466700 -27.376557 -8.426756 0.296931 0.088120 0.004448 0.988225 -0.125009
11.500000 -27.339835 -8.609605 0.294747 0.085048 0.007637 0.987673 -0.131191
11.533400 -27.301437 -8.818065 0.303955 0.081257 0.009723 0.987097 -0.137629
11.566700 -27.261517 -9.026134 0.324183 0.077755 0.011154 0.986413 -0.144288
11.600000 -27.219997 -9.234400 0.355186 0.075318 0.011421 0.986091 -0.147723
11.633400 -27.176710 -9.443464 0.396823 0.071968 0.010877 0.985669 -0.152180
11.666700 -27.133087 -9.636340 0.448009 0.069342 0.014421 0.985037 -0.157115
11.700000 -27.087193 -9.844138 0.508926 0.066763 0.015211 0.984515 -0.161376
11.733400 -27.039514 -10.052473 0.578844 0.064878 0.015540 0.983869 -0.165988
11.766700 -26.992608 -10.240147 0.655853 0.064428 0.016989 0.982892 -0.171709
11.800000 -26.941960 -10.446814 0.741209 0.062256 0.018584 0.982120 -0.176691
11.833400 -26.889566 -10.653785 0.833368 0.059524 0.020012 0.981389 -0.181474
11.866700 -26.841305 -10.836759 0.929104 0.055462 0.020645 0.980551 -0.187129
11.900000 -26.785923 -11.041291 1.031132 0.051610 0.021641 0.979540 -0.193313
11.933400 -26.736987 -11.231342 1.133862 0.050053 0.022281 0.978677 -0.197965
11.966700 -26.678776 -11.434313 1.241528 0.047300 0.021086 0.977885 -0.202631
12.000000 -26.619303 -11.632971 1.346258 0.045054 0.020808 0.976858 -0.208054
12.033400 -26.557953 -11.835031 1.454983 0.039989 0.021230 0.975644 -0.214639
12.066700 -26.495428 -12.035618 1.562297 0.037015 0.022459 0.974612 -0.219676
12.100000 -26.431327 -12.235076 1.667355 0.033618 0.022310 0.973659 -0.224410
12.133400 -26.365534 -12.434130 1.769106 0.030378 0.023300 0.972120 -0.231337
12.166700 -26.298565 -12.631515 1.866102 0.024365 0.023239 0.970790 -0.237558
12.200000 -26.218959 -12.829859 1.948612 0.021919 0.023660 0.969579 -0.242643
12.233400 -26.137324 -13.076928 2.026140 0.018198 0.023655 0.968200 -0.248391
12.266700 -26.053100 -13.294784 2.099966 0.014393 0.021503 0.967208 -0.252665
12.300100 -25.978539 -13.491687 2.169024 0.011516 0.021824 0.965773 -0.258211
12.333400 -25.902795 -13.686535 2.229154 0.007122 0.020667 0.963771 -0.265833
12.366700 -25.825898 -13.879870 2.279897 0.002275 0.021968 0.962242 -0.271299
12.400100 -25.747526 -14.072251 2.320861 0.000601 0.020585 0.960984 -0.275835
12.433400 -25.647174 -14.303939 2.345982 -0.003246 0.021157 0.959572 -0.280649
12.466700 -25.565327 -14.495013 2.365512 -0.008527 0.019402 0.957715 -0.286938
12.500100 -25.481984 -14.684924 2.374352 -0.011235 0.018488 0.955973 -0.292657
12.533400 -25.381323 -14.905936 2.368094 -0.013400 0.016160 0.953918 -0.299332
12.566700 -25.295024 -15.093648 2.355129 -0.014934 0.016194 0.952027 -0.305221
12.600100 -25.207314 -15.280319 2.331516 -0.016896 0.017043 0.949891 -0.311657
12.633400 -25.118783 -15.464711 2.297577 -0.020959 0.018062 0.947661 -0.318078
12.666700 -25.008384 -15.677310 2.249153 -0.021949 0.017039 0.946321 -0.322033
12.700100 -24.916646 -15.860592 2.195483 -0.024111 0.014512 0.944831 -0.326348
12.733400 -24.823995 -16.041625 2.133163 -0.028932 0.012469 0.942685 -0.332193
12.766700 -24.730389 -16.221207 2.062716 -0.033451 0.009370 0.940540 -0.337903
12.800100 -24.635260 -16.399898 1.984687 -0.034532 0.007615 0.938204 -0.344270
12.833400 -24.533413 -16.574257 1.901152 -0.035934 0.009340 0.936953 -0.347479
12.866700 -24.412569 -16.767966 1.805531 -0.037422 0.006492 0.935737 -0.350647
12.900100 -24.312622 -16.942752 1.711060 -0.039574 0.005799 0.933286 -0.356901
12.933400 -24.211444 -17.115493 1.613411 -0.040490 0.004072 0.931547 -0.361337
12.966700 -24.108941 -17.286769 1.513510 -0.042218 0.002145 0.929813 -0.365597
13.000100 -24.005907 -17.457723 1.412586 -0.046387 -0.000411 0.928705 -0.367906
13.033400 -23.901667 -17.626675 1.311620 -0.048384 -0.003430 0.926986 -0.371947
13.066700 -23.795907 -17.794206 1.211917 -0.052136 -0.006212 0.925129 -0.376004
13.100100 -23.687832 -17.960764 1.114362 -0.054570 -0.009884 0.922928 -0.380956
13.133400 -23.578075 -18.125570 1.020591 -0.055834 -0.010568 0.920549 -0.386471
13.166700 -23.466692 -18.289095 0.931278 -0.057194 -0.011717 0.918241 -0.391695
13.200100 -23.346600 -18.452827 0.845243 -0.058494 -0.015509 0.915178 -0.398482
13.233400 -23.230209 -18.614379 0.766846 -0.061549 -0.017640 0.913625 -0.401485
13.266700 -23.113807 -18.774540 0.697036 -0.061104 -0.019796 0.911195 -0.406937
13.300100 -22.994249 -18.933403 0.635349 -0.063346 -0.021872 0.908510 -0.412455
13.333400 -22.869611 -19.088451 0.581996 -0.067884 -0.025877 0.906077 -0.416829
13.366700 -22.749820 -19.242469 0.536087 -0.070749 -0.026788 0.903582 -0.421682
13.400100 -22.617140 -19.380969 0.496171 -0.071463 -0.029680 0.901736 -0.425305
13.433400 -22.491308 -19.534705 0.473082 -0.073221 -0.032542 0.899828 -0.428822
13.466700 -22.364293 -19.687829 0.460759 -0.075068 -0.034320 0.897843 -0.432510
13.500100 -22.238829 -19.844608 0.459070 -0.075990 -0.038581 0.895303 -0.437229
13.533400 -22.107398 -19.999400 0.467390 -0.077290 -0.040839 0.893143 -0.441197
13.566700 -21.970344 -20.130826 0.485041 -0.080619 -0.041978 0.889959 -0.446891
13.600100 -21.835567 -20.279486 0.516239 -0.082458 -0.043796 0.888177 -0.449916
13.633400 -21.697346 -20.433039 0.556413 -0.083533 -0.046933 0.885589 -0.454480
13.666700 -21.558010 -20.579747 0.607486 -0.085483 -0.048429 0.881704 -0.461460
13.700100 -21.418766 -20.699734 0.667643 -0.085172 -0.050828 0.878449 -0.467428
13.733400 -21.276826 -20.841354 0.737781 -0.085889 -0.052408 0.875504 -0.472619
13.766700 -21.135428 -20.982809 0.815952 -0.086262 -0.055367 0.872707 -0.477363
13.800100 -20.983396 -21.088076 0.902182 -0.087804 -0.056348 0.869496 -0.482795
13.833400 -20.839854 -21.226016 0.994102 -0.088470 -0.059942 0.867010 -0.486697
13.866700 -20.698275 -21.365214 1.091395 -0.088072 -0.063234 0.864318 -0.491121
13.900100 -20.545364 -21.472797 1.190314 -0.088237 -0.065469 0.862023 -0.494817
13.933400 -20.397774 -21.605134 1.295587 -0.086677 -0.066560 0.859142 -0.499931
13.966700 -20.248699 -21.735694 1.403310 0.083674 0.070142 -0.857598 0.502597
14.000100 -20.116608 -21.836045 1.506149 0.084052 0.071564 -0.854448 0.507673
14.033400 -19.967132 -21.963413 1.614559 0.084786 0.073429 -0.851203 0.512711
14.066700 -19.816928 -22.089066 1.721805 0.082308 0.076692 -0.847715 0.518386
14.100100 -19.665477 -22.213577 1.827205 0.079425 0.076728 -0.845052 0.523155
14.133400 -19.513492 -22.335830 1.929058 0.078569 0.078489 -0.842354 0.527358
14.166700 -19.356720 -22.430258 2.019315 0.077805 0.080405 -0.838689 0.532994
14.200100 -19.202945 -22.548652 2.111373 0.076248 0.082890 -0.835392 0.537992
14.233400 -19.048860 -22.664555 2.196769 0.076364 0.083896 -0.831127 0.544387
14.266700 -18.875628 -22.783483 2.264719 0.074105 0.083771 -0.827316 0.550491
14.300100 -18.718998 -22.895019 2.335074 0.071937 0.083171 -0.824435 0.555170
14.333400 -18.543709 -22.993648 2.391704 0.068627 0.084941 -0.822444 0.558267
14.366700 -18.387135 -23.101351 2.443455 0.068618 0.086539 -0.819455 0.562403
14.400100 -18.221374 -23.207553 2.484843 0.066390 0.088762 -0.816175 0.567073
14.433400 -18.063872 -23.310698 2.516416 0.063216 0.087679 -0.813505 0.571425
14.466700 -17.906185 -23.411883 2.537466 0.059457 0.090053 -0.808224 0.578904
14.500100 -17.727174 -23.503299 2.545012 0.057614 0.092971 -0.805366 0.582601
14.533400 -17.561141 -23.599976 2.544145 0.057925 0.094190 -0.801475 0.587716
14.566700 -17.399556 -23.692767 2.532762 0.056187 0.093406 -0.798079 0.592611
14.600100 -17.239108 -23.784441 2.510365 0.054351 0.092634 -0.795498 0.596362
14.633400 -17.078221 -23.871547 2.477834 0.051332 0.092540 -0.792527 0.600585
14.666700 -16.908680 -23.934114 2.433387 0.050512 0.092476 -0.789909 0.604103
14.700100 -16.747175 -24.018422 2.380854 0.047987 0.092306 -0.786593 0.608645
14.733400 -16.585896 -24.100165 2.319833 0.046345 0.093320 -0.782594 0.613751
14.766800 -16.423040 -24.149919 2.251518 0.042292 0.092371 -0.778493 0.619377
14.800100 -16.261562 -24.226478 2.175188 0.039498 0.090441 -0.775898 0.623091
14.833400 -16.099848 -24.300820 2.092296 0.037451 0.090305 -0.772586 0.627338
14.866800 -15.939261 -24.365261 2.007615 0.032379 0.088794 -0.769342 0.631807
14.900100 -15.779963 -24.434158 1.916395 0.030931 0.087982 -0.766124 0.635891
14.933400 -15.626427 -24.485180 1.821814 0.027372 0.089088 -0.762002 0.640833
14.966800 -15.461873 -24.535950 1.725187 0.026870 0.087716 -0.759581 0.643910
15.000100 -15.300411 -24.596921 1.626311 0.022770 0.087837 -0.755295 0.649073
15.033400 -15.146567 -24.628439 1.529545 0.021531 0.086443 -0.752616 0.652406
15.066800 -14.983232 -24.685540 1.431861 0.015602 0.086434 -0.749168 0.656531
15.100100 -14.827939 -24.711816 1.336774 0.012914 0.084678 -0.748564 0.657506
15.133400 -14.664947 -24.763806 1.245092 0.009223 0.082629 -0.745066 0.661789
15.166800 -14.521474 -24.764941 1.158329 0.007050 0.081608 -0.740203 0.667376
15.200100 -14.356436 -24.808384 1.077047 0.002610 0.078511 -0.737487 0.670777
15.233400 -14.212895 -24.830696 1.000693 0.000946 0.078018 -0.733853 0.674812
15.266800 -14.057614 -24.873048 0.931811 -0.002326 0.078849 -0.730381 0.678470
15.300100 -13.908302 -24.890432 0.871741 -0.004405 0.076793 -0.727276 0.682021
15.333400 -13.746067 -24.927177 0.820951 -0.009072 0.075895 -0.724218 0.685322
15.366800 -13.582889 -24.962292 0.779799 -0.007986 0.075933 -0.720353 0.689393
15.400100 -13.425054 -24.984083 0.748992 -0.009477 0.074793 -0.716435 0.693568
15.433400 -13.261996 -25.014962 0.728818 -0.010154 0.073035 -0.711550 0.698755
15.466800 -13.097573 -25.043170 0.719460 -0.012905 0.071679 -0.709307 0.701127
15.500100 -12.949851 -25.059818 0.720273 -0.016237 0.070821 -0.705523 0.704953
15.533400 -12.786907 -25.085993 0.732828 -0.018467 0.070319 -0.701926 0.708530
15.566800 -12.623064 -25.110833 0.756444 -0.019178 0.070160 -0.699719 0.710706
15.600100 -12.476313 -25.126133 0.790057 -0.020408 0.069582 -0.696449 0.713933
15.633400 -12.313052 -25.148067 0.835018 -0.021702 0.068885 -0.691460 0.718796
15.666800 -12.149079 -25.168959 0.890187 -0.022547 0.066342 -0.687266 0.723018
15.700100 -11.985370 -25.188533 0.954863 -0.024530 0.063956 -0.685366 0.724970
15.733400 -11.826018 -25.201589 1.027822 -0.026142 0.061780 -0.682360 0.727932
15.766800 -11.661870 -25.218599 1.110124 -0.029667 0.058840 -0.678390 0.731740
15.800100 -11.498169 -25.234369 1.199663 -0.033743 0.056292 -0.672992 0.736733
15.833400 -11.334307 -25.248867 1.295812 -0.036092 0.052145 -0.669813 0.739817
15.866800 -11.169791 -25.262097 1.397903 -0.037505 0.050070 -0.665573 0.743706
15.900100 -11.005806 -25.273864 1.504322 -0.039215 0.045303 -0.662584 0.746587
15.933400 -10.850042 -25.276886 1.613262 -0.040960 0.042946 -0.658102 0.750587
15.966800 -10.686137 -25.285569 1.726039 -0.043619 0.041262 -0.654966 0.753269
16.000100 -10.522858 -25.292882 1.839620 -0.048437 0.037109 -0.650196 0.757313
16.033400 -10.360077 -25.298874 1.953049 -0.048027 0.031545 -0.644247 0.762656
16.066800 -10.196898 -25.302609 2.066192 -0.051288 0.028134 -0.639738 0.766364
16.100100 -10.034579 -25.304490 2.176977 -0.051635 0.025363 -0.636183 0.769391
16.133400 -9.873184 -25.302808 2.282407 -0.051531 0.022545 -0.633303 0.771857
16.166800 -9.711298 -25.301335 2.385998 -0.052626 0.019941 -0.628405 0.775848
16.200100 -9.550455 -25.298190 2.483960 -0.053690 0.016635 -0.625054 0.778555
16.233400 -9.390269 -25.293355 2.575734 -0.053517 0.013475 -0.621391 0.781554
16.266800 -9.230483 -25.286623 2.660523 -0.052556 0.009453 -0.618044 0.784328
16.300100 -9.072575 -25.284591 2.736717 -0.053066 0.005390 -0.613758 0.787690
16.333400 -8.914712 -25.274046 2.804474 -0.053410 0.003498 -0.609227 0.791188
16.366800 -8.757173 -25.261931 2.862806 -0.051938 -0.001223 -0.605290 0.794308
16.400100 -8.600861 -25.247666 2.911112 -0.051980 -0.005268 -0.601021 0.797523
16.433400 -8.445250 -25.231533 2.949328 -0.051576 -0.007897 -0.597420 0.800229
16.466800 -8.289749 -25.213419 2.976958 -0.051454 -0.011061 -0.593868 0.802839
16.500100 -8.135567 -25.193460 2.993710 -0.051683 -0.014068 -0.589343 0.806106
16.533400 -7.982300 -25.171783 2.999639 -0.051576 -0.019948 -0.585756 0.808598
16.566800 -7.829339 -25.148174 2.994785 -0.054255 -0.022637 -0.580201 0.812349
16.600100 -7.675095 -25.127405 2.972718 -0.053588 -0.027747 -0.575951 0.815254
16.633400 -7.505931 -25.121846 2.943852 -0.054279 -0.029142 -0.572046 0.817904
16.666800 -7.326119 -25.114019 2.901092 -0.053362 -0.033941 -0.568339 0.820360
16.700100 -7.175557 -25.083901 2.856036 -0.053639 -0.037113 -0.564805 0.822643
16.733400 -7.025913 -25.052017 2.802192 -0.053513 -0.039051 -0.559380 0.826260
16.766800 -6.876673 -25.018075 2.740235 -0.054519 -0.041745 -0.553655 0.829910
16.800100 -6.695518 -24.970870 2.662015 -0.055151 -0.044792 -0.549537 0.832443
16.833400 -6.547565 -24.933272 2.586599 -0.053761 -0.048628 -0.543802 0.836077
16.866800 -6.400273 -24.893937 2.505737 -0.052931 -0.050772 -0.539162 0.839002
16.900100 -6.218199 -24.820420 2.411106 -0.052311 -0.053904 -0.535567 0.841145
16.933400 -6.072391 -24.777155 2.322630 -0.050783 -0.055755 -0.529788 0.844771
16.966800 -5.927089 -24.732101 2.231916 -0.052204 -0.059104 -0.526082 0.846770
17.000100 -5.785295 -24.595439 2.136534 -0.051905 -0.060034 -0.520766 0.850003
17.033400 -5.642246 -24.546041 2.044888 -0.049013 -0.063398 -0.515603 0.853072
17.066700 -5.500248 -24.495574 1.954630 -0.047083 -0.064644 -0.510362 0.856233
17.100100 -5.355480 -24.365085 1.862429 -0.044167 -0.067642 -0.507253 0.858002
17.133400 -5.215409 -24.310365 1.778127 -0.043032 -0.068265 -0.503218 0.860384
17.166700 -5.076492 -24.254235 1.698125 -0.042311 -0.069508 -0.500094 0.862139
17.200100 -4.954104 -24.135294 1.620352 -0.039600 -0.071296 -0.495153 0.864969
17.233400 -4.817462 -24.075595 1.552579 -0.036051 -0.071659 -0.489838 0.868115
17.266700 -4.681612 -24.015390 1.492155 -0.033672 -0.072440 -0.484544 0.871112
17.300100 -4.546444 -23.953666 1.439604 -0.034954 -0.075143 -0.479767 0.873473
17.333400 -4.394425 -23.843034 1.398030 -0.030111 -0.076745 -0.475821 0.875670
17.366700 -4.260764 -23.777844 1.364248 -0.029190 -0.080071 -0.471490 0.877744
17.400100 -4.127859 -23.711335 1.340449 -0.027540 -0.082184 -0.466046 0.880505
17.433400 -3.996603 -23.644026 1.327230 -0.025288 -0.083918 -0.462006 0.882535
17.466700 -3.866564 -23.575937 1.324756 -0.023398 -0.084165 -0.456341 0.885507
17.500100 -3.737558 -23.506776 1.333206 -0.023070 -0.084775 -0.451591 0.887889
17.533400 -3.610282 -23.436966 1.352545 -0.019635 -0.088344 -0.446964 0.889962
17.566700 -3.443571 -23.335607 1.385544 -0.019302 -0.089962 -0.442442 0.892065
17.600100 -3.317660 -23.262473 1.426699 -0.018299 -0.091509 -0.436037 0.895077
17.633400 -3.193463 -23.188435 1.478260 -0.018301 -0.093033 -0.430070 0.897803
17.666700 -3.070684 -23.113230 1.539848 -0.016319 -0.091068 -0.426061 0.899951
17.700100 -2.948919 -23.036599 1.611111 -0.014940 -0.092886 -0.420354 0.902469
17.733400 -2.804994 -22.907880 1.691744 -0.012854 -0.093757 -0.415795 0.904522
17.766700 -2.685802 -22.826742 1.779668 -0.010322 -0.094884 -0.411235 0.906519
17.800100 -2.567804 -22.744143 1.875259 -0.008844 -0.095359 -0.404738 0.909404
17.833400 -2.412178 -22.605115 1.978513 -0.003541 -0.097384 -0.399193 0.911674
17.866700 -2.296741 -22.517793 2.085761 -0.002741 -0.096706 -0.395368 0.913414
17.900100 -2.182447 -22.428653 2.197722 -0.002091 -0.096703 -0.388152 0.916505
17.933400 -2.063037 -22.287942 2.312966 0.001044 -0.096222 -0.384604 0.918052
17.966700 -1.952217 -22.194569 2.430152 0.002803 -0.095673 -0.379848 0.920084
18.000100 -1.842839 -22.099696 2.548818 0.005986 -0.094935 -0.373343 0.922804
18.033400 -1.732028 -21.965072 2.668107 0.007366 -0.093322 -0.369885 0.924350
18.066700 -1.626322 -21.866778 2.785399 0.009658 -0.094125 -0.362558 0.927146
18.100100 -1.530744 -21.746837 2.902181 0.009941 -0.092558 -0.359607 0.928449
18.133400 -1.428883 -21.645558 3.013607 0.013822 -0.091108 -0.352897 0.931113
18.166700 -1.341354 -21.534309 3.124305 0.013723 -0.091233 -0.347827 0.933008
18.200100 -1.243139 -21.429991 3.226041 0.014282 -0.089899 -0.344061 0.934524
18.233400 -1.167124 -21.336381 3.326472 0.016698 -0.087082 -0.336595 0.937465
18.266700 -1.073083 -21.230662 3.414193 0.016991 -0.085028 -0.329924 0.940017
18.300100 -1.017929 -21.129208 3.498014 0.019950 -0.084084 -0.323466 0.942285
18.333400 -0.928793 -21.021484 3.568462 0.020361 -0.079922 -0.321303 0.943378
18.366700 -0.841191 -20.912728 3.629347 0.023047 -0.077345 -0.313738 0.946073
18.400100 -0.752021 -20.785580 3.678710 0.024563 -0.073101 -0.308873 0.947972
18.433400 -0.667590 -20.674142 3.718774 0.028328 -0.072417 -0.305409 0.949041
18.466700 -0.584721 -20.561780 3.748150 0.029918 -0.069256 -0.300401 0.950825
18.500100 -0.485673 -20.424649 3.764209 0.032497 -0.065792 -0.295789 0.952431
18.533400 -0.405207 -20.309005 3.771340 0.034362 -0.060389 -0.289317 0.954708
18.566700 -0.326309 -20.192483 3.767432 0.034258 -0.054925 -0.285643 0.956147
18.600100 -0.237935 -20.057522 3.751086 0.033983 -0.050664 -0.279705 0.958146
18.633400 -0.161985 -19.938484 3.725650 0.033798 -0.048092 -0.274497 0.959790
18.666700 -0.087731 -19.818694 3.690088 0.036306 -0.045264 -0.270527 0.960962
18.700100 -0.014798 -19.697754 3.644915 0.035379 -0.042058 -0.267953 0.961863
18.733400 0.071271 -19.563118 3.588344 0.035954 -0.039728 -0.261797 0.963635
18.766700 0.141507 -19.440179 3.526041 0.035899 -0.035512 -0.256374 0.965258
18.800100 0.210264 -19.315932 3.456190 0.036915 -0.033034 -0.252647 0.966289
18.833400 0.276323 -19.188543 3.380175 0.037277 -0.032208 -0.246274 0.967947
18.866700 0.340998 -19.059232 3.298438 0.039463 -0.027291 -0.239284 0.969763
18.900100 0.404310 -18.932180 3.211786 0.040798 -0.024882 -0.233787 0.971113
18.933400 0.479459 -18.791858 3.116513 0.040213 -0.021727 -0.227328 0.972745
18.966700 0.538238 -18.662401 3.024287 0.040481 -0.018942 -0.221859 0.974054
19.000100 0.595770 -18.532183 2.930313 0.038463 -0.016065 -0.218067 0.975043
19.033400 0.650778 -18.401274 2.836793 0.039991 -0.014202 -0.213544 0.976011
19.066700 0.703692 -18.269405 2.744327 0.039591 -0.011431 -0.208330 0.977190
19.100100 0.754473 -18.136080 2.653946 0.038377 -0.009551 -0.201007 0.978791
19.133400 0.802535 -18.002031 2.567474 0.037371 -0.006036 -0.197522 0.979567
19.166700 0.839648 -17.852199 2.487266 0.038846 -0.005249 -0.192337 0.980546
19.200100 0.886239 -17.707998 2.409378 0.039303 -0.000831 -0.188384 0.981308
19.233400 0.929482 -17.553709 2.339428 0.040340 0.002508 -0.181895 0.982487
19.266700 0.969030 -17.415371 2.275552 0.040801 0.006219 -0.176923 0.983359
19.300000 1.013549 -17.278406 2.221249 0.040377 0.009101 -0.173046 0.984044
19.333400 1.055667 -17.130622 2.176011 0.040706 0.011951 -0.166737 0.985088
19.366700 1.098293 -16.950769 2.143592 0.039524 0.015175 -0.161838 0.985909
19.400000 1.127112 -16.806892 2.115939 0.037936 0.016804 -0.154811 0.987072
19.433400 1.153281 -16.661610 2.098425 0.037392 0.019690 -0.148603 0.987994
19.466700 1.176636 -16.515861 2.091452 0.036692 0.021268 -0.142315 0.988912
19.500000 1.197059 -16.369245 2.095246 0.032642 0.024440 -0.138380 0.989539
19.533400 1.221148 -16.183943 2.112749 0.030073 0.026923 -0.133988 0.990161
19.566700 1.235898 -16.034344 2.138113 0.026438 0.028375 -0.127916 0.991026
19.600000 1.247641 -15.883676 2.174172 0.025989 0.031174 -0.124007 0.991451
19.633400 1.256439 -15.731448 2.220512 0.025737 0.032536 -0.119396 0.991980
19.666700 1.271721 -15.549306 2.280110 0.025890 0.035364 -0.116426 0.992232
19.700000 1.274786 -15.394981 2.345333 0.024420 0.038904 -0.110650 0.992797
19.733400 1.274952 -15.239430 2.419435 0.022624 0.043316 -0.108006 0.992948
19.766700 1.277019 -15.039366 2.509269 0.021347 0.045851 -0.103644 0.993328
19.800000 1.271471 -14.881470 2.598411 0.019347 0.047028 -0.097996 0.993887
19.833400 1.256452 -14.713569 2.694994 0.017974 0.052900 -0.092590 0.994136
19.866700 1.245766 -14.507048 2.805366 0.018076 0.054305 -0.087844 0.994489
19.900000 1.233011 -14.345830 2.910521 0.014540 0.055013 -0.083546 0.994878
19.933400 1.217511 -14.183363 3.019340 0.010922 0.054035 -0.078099 0.995420
19.966700 1.195323 -13.979420 3.138692 0.008107 0.054805 -0.072241 0.995847
