0.433333 -0.064215 2.089746 0.668706 0.042962 0.045239 0.050280 0.996785
0.466667 -0.079651 2.297750 0.685058 0.041834 0.048415 0.055389 0.996413
0.500000 -0.096724 2.505478 0.690518 0.040628 0.051526 0.060505 0.996009
0.533333 -0.116875 2.712746 0.685048 0.039347 0.053890 0.065664 0.995608
0.566667 -0.137344 2.919858 0.668649 0.037987 0.056861 0.070793 0.995144
0.600000 -0.159444 3.126627 0.641534 0.036555 0.059757 0.075929 0.994650
0.633333 -0.183172 3.333035 0.604002 0.035053 0.062573 0.081071 0.994124
0.666667 -0.209145 3.538931 0.556507 0.033494 0.065030 0.086240 0.993585
0.700000 -0.236165 3.744541 0.499474 0.031859 0.067675 0.091396 0.993001
0.733334 -0.264806 3.949729 0.433577 0.030163 0.070228 0.096560 0.992388
0.766667 -0.295062 4.154461 0.359539 0.028409 0.072688 0.101730 0.991746
0.800000 -0.326933 4.358720 0.278171 0.026598 0.075050 0.106908 0.991076
0.833334 -0.360414 4.562490 0.190361 0.024735 0.077312 0.112092 0.990377
0.866667 -0.395500 4.765737 0.097075 0.022823 0.079470 0.117283 0.989651
0.900000 -0.432219 4.968441 -0.000668 0.020869 0.081521 0.122482 0.988897
0.933334 -0.470509 5.170592 -0.101798 0.018867 0.083464 0.127686 0.988116
0.966667 -0.510391 5.372155 -0.205204 0.016825 0.085295 0.132895 0.987310
1.000000 -0.551862 5.573111 -0.309754 0.014747 0.087012 0.138111 0.986477
1.033330 -0.594914 5.773423 -0.414295 0.012636 0.088613 0.143331 0.985619
1.066670 -0.639560 5.973145 -0.517722 0.010494 0.090097 0.148559 0.984735
1.100000 -0.685767 6.172136 -0.618840 0.008328 0.091460 0.153789 0.983827
1.133330 -0.733609 6.369961 -0.716302 0.006172 0.092670 0.159016 0.982898
1.166670 -0.782972 6.567578 -0.809606 0.003964 0.093788 0.164255 0.981941
1.200000 -0.833879 6.764398 -0.897404 0.001741 0.094781 0.169496 0.980961
1.233330 -0.886341 6.960460 -0.978765 -0.000492 0.095648 0.174739 0.979958
1.266670 -0.940367 7.155800 -1.052818 -0.002734 0.096388 0.179987 0.978931
1.300000 -0.995920 7.350280 -1.118708 -0.004979 0.097001 0.185234 0.977883
1.333330 -1.053009 7.543938 -1.175737 -0.007223 0.097485 0.190482 0.976812
1.366670 -1.111616 7.736813 -1.223292 -0.009465 0.097840 0.195731 0.975719
1.400000 -1.171758 7.928762 -1.260827 -0.011699 0.098066 0.200979 0.974604
1.433330 -1.233416 8.119825 -1.287944 -0.013921 0.098162 0.206226 0.973469
1.466670 -1.296604 8.310038 -1.304352 -0.016130 0.098129 0.211473 0.972312
1.500000 -1.361277 8.499266 -1.309859 -0.018319 0.097967 0.216716 0.971134
1.533330 -1.427445 8.687545 -1.304414 -0.020485 0.097675 0.221955 0.969936
1.566670 -1.495122 8.874912 -1.288069 -0.022626 0.097256 0.227193 0.968717
1.600000 -1.564261 9.061232 -1.261014 -0.024738 0.096709 0.232424 0.967478
1.633330 -1.634840 9.246548 -1.223540 -0.026817 0.096037 0.237650 0.966220
1.666670 -1.706939 9.430884 -1.176045 -0.028859 0.095238 0.242871 0.964941
1.700000 -1.780475 9.614113 -1.119078 -0.030860 0.094314 0.248084 0.963642
1.733330 -1.855460 9.796272 -1.053250 -0.032818 0.093268 0.253289 0.962325
1.766670 -1.931911 9.977394 -0.979259 -0.034730 0.092100 0.258487 0.960987
1.800000 -2.009772 10.157351 -0.897960 -0.036591 0.090813 0.263675 0.959630
1.833330 -2.089041 10.336180 -0.810221 -0.038400 0.089411 0.268854 0.958253
1.866670 -2.169767 10.513910 -0.716979 -0.040151 0.087890 0.274023 0.956857
1.900000 -2.251876 10.690416 -0.619309 -0.041842 0.086257 0.279179 0.955441
1.933330 -2.335383 10.865734 -0.518255 -0.043471 0.084513 0.284323 0.954006
1.966670 -2.420304 11.039895 -0.414892 -0.045035 0.082660 0.289456 0.952551
2.000000 -2.506572 11.212777 -0.310413 -0.046532 0.080704 0.294577 0.951076
2.033330 -2.594218 11.384412 -0.205937 -0.047956 0.078643 0.299682 0.949582
2.066670 -2.683252 11.554833 -0.102576 -0.049307 0.076481 0.304773 0.948068
2.100000 -2.773610 11.723917 -0.001524 -0.050581 0.074223 0.309848 0.946534
2.133330 -2.865309 11.891699 0.096143 -0.051777 0.071872 0.314908 0.944980
2.166670 -2.958368 12.058210 0.189382 -0.052893 0.069430 0.319952 0.943405
2.200000 -3.052716 12.223329 0.277120 -0.053929 0.066905 0.324983 0.941808
2.233330 -3.148377 12.387092 0.358413 -0.054877 0.064294 0.329992 0.940191
2.266670 -3.245368 12.549528 0.432398 -0.055738 0.061603 0.334986 0.938554
2.300000 -3.343620 12.710521 0.498219 -0.056510 0.058838 0.339960 0.936895
2.333330 -3.443149 12.870102 0.555178 -0.057192 0.056001 0.344916 0.935214
2.366670 -3.543977 13.028302 0.602663 -0.057783 0.053095 0.349855 0.933511
2.400000 -3.646041 13.185005 0.640127 -0.058282 0.050129 0.354775 0.931786
2.433330 -3.749348 13.340244 0.667173 -0.058686 0.047102 0.359676 0.930038
2.466670 -3.853942 13.494042 0.683513 -0.058995 0.044018 0.364564 0.928264
2.500000 -3.959772 13.646283 0.688957 -0.059193 0.040882 0.369442 0.926465
2.533330 -4.066756 13.797026 0.683439 -0.059307 0.037703 0.374288 0.924646
2.566670 -4.174969 13.946283 0.667021 -0.059324 0.034482 0.379114 0.922802
2.600000 -4.284329 14.093951 0.639896 -0.059240 0.031226 0.383921 0.920934
2.633330 -4.394859 14.240056 0.602345 -0.059060 0.027936 0.388704 0.919043
2.666670 -4.506587 14.384625 0.554772 -0.058781 0.024617 0.393469 0.917126
2.700000 -4.619450 14.527548 0.497729 -0.058403 0.021278 0.398216 0.915183
2.733330 -4.733433 14.668868 0.431820 -0.057927 0.017918 0.402940 0.913215
2.766670 -4.848577 14.808602 0.357747 -0.057353 0.014544 0.407646 0.911221
2.800000 -4.964832 14.946638 0.276369 -0.056681 0.011164 0.412338 0.909198
2.833330 -5.082156 15.083032 0.188548 -0.055912 0.007777 0.417004 0.907150
2.866670 -5.200246 15.218882 0.095338 -0.055046 0.004411 0.421686 0.905059
2.900000 -5.319718 15.351951 -0.002401 -0.054084 0.001029 0.426315 0.902956
2.933330 -5.440129 15.483771 -0.103530 -0.053010 -0.002328 0.430942 0.900818
2.966670 -5.561739 15.613480 -0.206960 -0.051859 -0.005687 0.435537 0.898658
3.000000 -5.686190 15.744285 -0.312196 -0.050680 -0.009111 0.440166 0.896439
3.033330 -5.809866 15.870578 -0.416755 -0.049348 -0.012427 0.444725 0.894220
3.066670 -5.934947 15.994351 -0.519854 -0.047945 -0.015792 0.449249 0.891979
3.100000 -6.060640 16.117091 -0.620976 -0.046440 -0.019047 0.453775 0.889702
3.133330 -6.187036 16.238426 -0.718803 -0.044842 -0.022246 0.458306 0.887384
3.166670 -6.314698 16.357642 -0.812115 -0.043169 -0.025423 0.462802 0.885045
3.200000 -6.443034 16.477027 -0.901769 -0.041638 -0.028717 0.467342 0.882628
3.233330 -6.572533 16.592706 -0.983217 -0.039807 -0.031796 0.471809 0.880227
3.266660 -6.702787 16.707591 -1.057977 -0.037983 -0.034864 0.476294 0.877773
3.300000 -6.834138 16.819786 -1.124121 -0.036021 -0.037849 0.480738 0.875306
3.333330 -6.966311 16.930217 -1.181417 -0.033998 -0.040769 0.485172 0.872806
3.366660 -7.099429 17.038600 -1.229077 -0.031884 -0.043607 0.489585 0.870281
3.400000 -7.233461 17.145142 -1.266738 -0.029706 -0.046376 0.493985 0.867725
3.433330 -7.368113 17.249302 -1.294168 -0.027503 -0.049139 0.498368 0.865135
3.466660 -7.503810 17.352009 -1.310687 -0.025207 -0.051757 0.502744 0.862516
3.500000 -7.640203 17.452814 -1.316469 -0.022881 -0.054330 0.507111 0.859862
3.533330 -7.777768 17.550154 -1.310413 -0.020381 -0.056731 0.511439 0.857202
3.566660 -7.915911 17.647006 -1.294154 -0.017934 -0.059099 0.515781 0.854491
3.600000 -8.055342 17.741629 -1.266620 -0.015378 -0.061303 0.520111 0.851757
3.633330 -8.195297 17.834339 -1.228884 -0.012808 -0.063449 0.524430 0.848990
3.666660 -8.336368 17.923128 -1.180146 -0.010064 -0.065414 0.528710 0.846219
3.700000 -8.477586 18.011969 -1.123151 -0.007464 -0.067408 0.533013 0.843385
3.733330 -8.619937 18.098407 -1.056678 -0.004765 -0.069219 0.537302 0.840531
3.766660 -8.762882 18.182812 -0.982147 -0.002051 -0.070940 0.541583 0.837646
3.800000 -8.906366 18.265402 -0.900529 0.000651 -0.072602 0.545858 0.834726
3.833330 -9.050417 18.346016 -0.812594 0.003358 -0.074174 0.550124 0.831775
3.866660 -9.195382 18.422515 -0.718223 0.006196 -0.075560 0.554353 0.828821
3.900000 -9.340624 18.499036 -0.620428 0.008907 -0.076922 0.558606 0.825810
3.933330 -9.486440 18.573483 -0.519278 0.011621 -0.078172 0.562850 0.822772
3.966660 -9.633066 18.645547 -0.415421 0.014379 -0.079262 0.567085 0.819711
4.000000 -9.780208 18.715700 -0.310617 0.017109 -0.080265 0.571314 0.816618
4.033330 -9.927847 18.783833 -0.205938 0.019821 -0.081166 0.575535 0.813497
4.066660 -10.076040 18.849920 -0.102444 0.022516 -0.081957 0.579750 0.810349
4.100000 -10.224767 18.912702 -0.000953 0.025222 -0.082622 0.583936 0.807190
4.133330 -10.373962 18.974572 0.096825 0.027872 -0.083178 0.588137 0.803990
4.166660 -10.523666 19.034340 0.190147 0.030497 -0.083618 0.592330 0.800764
4.200000 -10.673911 19.092014 0.278015 0.033095 -0.083939 0.596516 0.797513
4.233330 -10.824589 19.147554 0.359416 0.035658 -0.084143 0.600694 0.794239
4.266660 -10.975732 19.200969 0.433485 0.038184 -0.084228 0.604864 0.790941
4.300000 -11.127368 19.252270 0.499431 0.040670 -0.084196 0.609027 0.787619
4.333330 -11.279389 19.301019 0.556483 0.043101 -0.084049 0.613166 0.784287
4.366660 -11.431764 19.347872 0.604075 0.045498 -0.083780 0.617311 0.780922
4.400000 -11.584648 19.392736 0.641646 0.047837 -0.083399 0.621448 0.777534
4.433330 -11.737869 19.435438 0.668784 0.050119 -0.082903 0.625575 0.774126
4.466660 -11.891455 19.475987 0.685206 0.052340 -0.082295 0.629692 0.770698
4.500000 -12.045438 19.514388 0.690732 0.054499 -0.081573 0.633801 0.767250
4.533330 -12.199707 19.550616 0.685299 0.056590 -0.080741 0.637898 0.763783
4.566660 -12.354089 19.584861 0.668865 0.058591 -0.079799 0.641971 0.760311
4.600000 -12.509031 19.616727 0.641794 0.060536 -0.078750 0.646046 0.756808
4.633330 -12.664197 19.646442 0.604319 0.062406 -0.077596 0.650109 0.753288
4.666660 -12.819626 19.673982 0.556836 0.064196 -0.076339 0.654160 0.749751
4.700000 -12.975850 19.699695 0.499794 0.065908 -0.075022 0.658199 0.746192
4.733330 -13.131771 19.722900 0.433959 0.067528 -0.073564 0.662222 0.742624
4.766660 -13.287847 19.744797 0.359471 0.069010 -0.072033 0.666223 0.739051
4.800000 -13.444225 19.763642 0.278124 0.070449 -0.070383 0.670218 0.735453
4.833330 -13.600727 19.780305 0.190363 0.071796 -0.068644 0.674198 0.731840
4.866660 -13.757385 19.794781 0.097124 0.073048 -0.066816 0.678162 0.728214
4.900000 -13.914658 19.807420 -0.000671 0.074198 -0.064924 0.682112 0.724570
4.933330 -14.071428 19.818384 -0.102316 0.075200 -0.062933 0.686036 0.720929
4.966660 -14.228460 19.826303 -0.205693 0.076147 -0.060858 0.689948 0.717265
5.000000 -14.385624 19.832037 -0.310243 0.076994 -0.058708 0.693844 0.713587
5.033330 -14.542807 19.835577 -0.414763 0.077735 -0.056485 0.697719 0.709898
5.066660 -14.700041 19.836920 -0.518141 0.078368 -0.054193 0.701574 0.706198
5.100000 -14.857327 19.837185 -0.619900 0.078844 -0.051842 0.705403 0.702497
5.133330 -15.014608 19.834156 -0.717631 0.079256 -0.049423 0.709217 0.698776
5.166660 -15.171888 19.828939 -0.810904 0.079560 -0.046947 0.713010 0.695042
5.200000 -15.329195 19.821523 -0.898728 0.079752 -0.044416 0.716782 0.691296
5.233330 -15.486416 19.811921 -0.980087 0.079832 -0.041835 0.720531 0.687541
5.266660 -15.643581 19.800128 -1.054117 0.079798 -0.039208 0.724256 0.683775
5.300000 -15.800506 19.787435 -1.120500 0.079611 -0.036547 0.727946 0.680015
5.333330 -15.957505 19.771286 -1.177534 0.079348 -0.033840 0.731623 0.676230
5.366660 -16.114396 19.752957 -1.225083 0.078972 -0.031099 0.735275 0.672433
5.400000 -16.271209 19.732435 -1.262635 0.078483 -0.028327 0.738904 0.668625
5.433330 -16.427833 19.709741 -1.289759 0.077879 -0.025531 0.742505 0.664808
5.466660 -16.584317 19.685165 -1.306291 0.077154 -0.022717 0.746079 0.660982
5.500000 -16.740018 19.659339 -1.311867 0.076301 -0.019899 0.749614 0.657162
5.533330 -16.896101 19.630140 -1.306426 0.075358 -0.017051 0.753135 0.653314
5.566660 -17.051972 19.598784 -1.290091 0.074304 -0.014195 0.756629 0.649454
5.600000 -17.207662 19.565256 -1.263034 0.073140 -0.011334 0.760096 0.645582
5.633330 -17.362424 19.530500 -1.225669 0.071846 -0.008480 0.763522 0.641717
5.666660 -17.517550 19.492666 -1.178195 0.070464 -0.005623 0.766932 0.637824
5.700000 -17.672445 19.452685 -1.121215 0.068978 -0.002775 0.770314 0.633917
5.733330 -17.826355 19.410998 -1.055579 0.067369 0.000070 0.773657 0.630013
5.766660 -17.980580 19.366740 -0.981618 0.065675 0.002889 0.776980 0.626084
5.800000 -18.134525 19.320343 -0.900302 0.063881 0.005686 0.780275 0.622140
5.833330 -18.287423 19.272009 -0.812768 0.061978 0.008475 0.783532 0.618195
5.866660 -18.440594 19.221370 -0.719565 0.059988 0.011217 0.786767 0.614226
5.900000 -18.592897 19.168679 -0.622023 0.057900 0.013942 0.789968 0.610249
5.933330 -18.745276 19.113808 -0.520984 0.055727 0.016614 0.793143 0.606253
5.966660 -18.897246 19.056844 -0.417668 0.053466 0.019245 0.796288 0.602243
6.000000 -19.047655 18.997865 -0.313312 0.051101 0.021854 0.799396 0.598229
6.033330 -19.198391 18.936832 -0.208918 0.048663 0.024398 0.802478 0.594193
6.066660 -19.348975 18.873573 -0.105606 0.046154 0.026884 0.805535 0.590136
6.100000 -19.498765 18.808363 -0.004630 0.043550 0.029324 0.808562 0.586065
6.133330 -19.648366 18.740948 0.093016 0.040891 0.031694 0.811560 0.581974
6.166660 -19.797426 18.671613 0.186085 0.038142 0.034011 0.814532 0.577864
6.200000 -19.946038 18.600046 0.273820 0.035348 0.036253 0.817473 0.573737
6.233330 -20.094316 18.526556 0.354969 0.032473 0.038429 0.820389 0.569588
6.266660 -20.241799 18.450905 0.428904 0.029560 0.040530 0.823273 0.565424
6.300000 -20.389014 18.373293 0.494623 0.026578 0.042557 0.826132 0.561238
6.333330 -20.535349 18.293567 0.551550 0.023561 0.044505 0.828961 0.557036
6.366660 -20.681135 18.211896 0.598968 0.020496 0.046373 0.831760 0.552815
6.400000 -20.826291 18.128104 0.636411 0.017392 0.048159 0.834534 0.548571
6.433330 -20.970766 18.042328 0.663425 0.014253 0.049859 0.837280 0.544310
6.466660 -21.114410 17.954703 0.679753 0.011082 0.051469 0.839998 0.540030
6.500000 -21.257595 17.864917 0.685162 0.007879 0.052993 0.842691 0.535725
6.533330 -21.400052 17.773177 0.679615 0.004652 0.054426 0.845358 0.531400
6.566660 -21.541506 17.679656 0.663255 0.001411 0.055761 0.847998 0.527056
6.600000 -21.682571 17.583969 0.636095 -0.001851 0.057006 0.850615 0.522687
6.633330 -21.822861 17.486360 0.598525 -0.005125 0.058157 0.853206 0.518296
6.666660 -21.962405 17.386814 0.550949 -0.008405 0.059210 0.855773 0.513884
6.700000 -22.101136 17.285449 0.494038 -0.011679 0.060148 0.858315 0.509451
6.733330 -22.239133 17.182070 0.428120 -0.014955 0.061002 0.860834 0.504995
6.766660 -22.376338 17.076789 0.354063 -0.018227 0.061757 0.863330 0.500516
6.799990 -22.512882 16.969581 0.272705 -0.021483 0.062406 0.865803 0.496014
6.833330 -22.648592 16.860468 0.184880 -0.024724 0.062956 0.868254 0.491489
6.866660 -22.783457 16.749510 0.091607 -0.027943 0.063403 0.870682 0.486942
6.899990 -22.917503 16.636920 -0.005925 -0.031130 0.063725 0.873087 0.482378
6.933330 -23.050577 16.522280 -0.107085 -0.034292 0.063971 0.875473 0.477785
6.966660 -23.182732 16.405848 -0.210493 -0.037419 0.064117 0.877837 0.473172
6.999990 -23.314277 16.287502 -0.315015 -0.040503 0.064153 0.880181 0.468535
7.033330 -23.444794 16.167380 -0.419576 -0.043547 0.064092 0.882505 0.463876
7.066660 -23.574349 16.045508 -0.522960 -0.046541 0.063931 0.884808 0.459197
7.099990 -23.702963 15.921863 -0.624068 -0.049483 0.063670 0.887091 0.454497
7.133330 -23.831099 15.796642 -0.721592 -0.052359 0.063273 0.889357 0.449777
7.166660 -23.957703 15.669526 -0.814869 -0.055182 0.062816 0.891601 0.445035
7.199990 -24.083326 15.540680 -0.902668 -0.057941 0.062264 0.893826 0.440273
7.233330 -24.207993 15.410077 -0.984052 -0.060631 0.061617 0.896034 0.435490
7.266660 -24.331617 15.277816 -1.058080 -0.063248 0.060875 0.898221 0.430688
7.299990 -24.454456 15.143761 -1.123949 -0.065785 0.060037 0.900392 0.425866
7.333330 -24.576778 15.008165 -1.180764 -0.068231 0.059070 0.902548 0.421026
7.366660 -24.697325 14.870873 -1.228296 -0.070604 0.058056 0.904681 0.416169
7.399990 -24.816810 14.731937 -1.265821 -0.072891 0.056956 0.906796 0.411295
7.433330 -24.935255 14.591330 -1.292934 -0.075088 0.055771 0.908894 0.406403
7.466660 -25.052577 14.449153 -1.309322 -0.077190 0.054504 0.910973 0.401496
7.499990 -25.168799 14.305380 -1.314815 -0.079194 0.053157 0.913034 0.396575
7.533330 -25.283941 14.159981 -1.309351 -0.081098 0.051732 0.915078 0.391637
7.566660 -25.398696 14.012842 -1.292720 -0.082881 0.050190 0.917108 0.386684
7.599990 -25.511574 13.864363 -1.265645 -0.084574 0.048618 0.919116 0.381719
7.633330 -25.623327 13.714296 -1.228137 -0.086161 0.046976 0.921106 0.376741
7.666660 -25.733884 13.562756 -1.180631 -0.087636 0.045268 0.923077 0.371753
7.699990 -25.843265 13.409713 -1.123638 -0.088999 0.043497 0.925029 0.366753
7.733330 -25.951491 13.255138 -1.057762 -0.090246 0.041665 0.926964 0.361742
7.766660 -26.059223 13.098725 -0.983469 -0.091357 0.039733 0.928884 0.356721
7.799990 -26.165066 12.941272 -0.902144 -0.092366 0.037789 0.930781 0.351691
7.833330 -26.269676 12.782305 -0.814345 -0.093257 0.035795 0.932660 0.346652
7.866660 -26.373020 12.621965 -0.721094 -0.094026 0.033754 0.934518 0.341607
7.899990 -26.475739 12.459595 -0.623063 -0.094651 0.031628 0.936361 0.336555
7.933330 -26.576772 12.296358 -0.521952 -0.095169 0.029499 0.938181 0.331494
7.966660 -26.676363 12.131825 -0.418577 -0.095565 0.027337 0.939980 0.326430
7.999990 -26.774670 11.965938 -0.314056 -0.095835 0.025142 0.941759 0.321361
8.033330 -26.871993 11.798132 -0.209116 -0.095962 0.022879 0.943520 0.316289
8.066660 -26.967877 11.629558 -0.105746 -0.095974 0.020625 0.945257 0.311210
8.099990 -27.062355 11.459661 -0.004637 -0.095861 0.018352 0.946974 0.306129
8.133330 -27.155481 11.288476 0.093114 -0.095621 0.016060 0.948667 0.301046
8.166660 -27.247417 11.115541 0.186732 -0.095241 0.013724 0.950341 0.295961
8.200000 -27.337898 10.941853 0.274556 -0.094744 0.011405 0.951990 0.290877
8.233330 -27.426975 10.766979 0.355913 -0.094123 0.009081 0.953615 0.285792
8.266660 -27.514688 10.590903 0.429940 -0.093376 0.006755 0.955217 0.280707
8.300000 -27.601051 10.413589 0.495847 -0.092504 0.004429 0.956795 0.275621
8.333330 -27.685184 10.235081 0.553124 -0.091495 0.002115 0.958347 0.270545
8.366660 -27.768754 10.055539 0.600670 -0.090371 -0.000200 0.959876 0.265465
8.400000 -27.850932 9.874809 0.638217 -0.089129 -0.002502 0.961379 0.260383
8.433330 -27.931674 9.693028 0.665335 -0.087766 -0.004788 0.962857 0.255305
8.466670 -28.010994 9.510079 0.681752 -0.086283 -0.007054 0.964309 0.250229
8.500000 -28.088894 9.326155 0.687259 -0.084684 -0.009296 0.965733 0.245156
8.533330 -28.164208 9.141723 0.682003 -0.082961 -0.011496 0.967130 0.240096
8.566670 -28.239240 8.955710 0.665663 -0.081130 -0.013684 0.968500 0.235028
8.600000 -28.312788 8.768746 0.638611 -0.079191 -0.015835 0.969843 0.229963
8.633340 -28.384907 8.580749 0.601130 -0.077143 -0.017950 0.971157 0.224900
8.666670 -28.454887 8.392480 0.553780 -0.074983 -0.020019 0.972444 0.219838
8.700000 -28.524092 8.202698 0.496821 -0.072718 -0.022046 0.973702 0.214780
8.733340 -28.591789 8.011919 0.430977 -0.070362 -0.024032 0.974928 0.209730
8.766670 -28.657984 7.820477 0.357106 -0.067899 -0.025972 0.976128 0.204669
8.800000 -28.722649 7.627977 0.275816 -0.065351 -0.027849 0.977294 0.199626
8.833340 -28.785919 7.434683 0.188175 -0.062704 -0.029674 0.978432 0.194573
8.866670 -28.847569 7.240499 0.094972 -0.059979 -0.031433 0.979536 0.189537
8.900010 -28.907716 7.045440 -0.002712 -0.057172 -0.033127 0.980609 0.184497
8.933340 -28.966332 6.849655 -0.103753 -0.054283 -0.034758 0.981651 0.179464
8.966670 -29.023699 6.653333 -0.206922 -0.051310 -0.036338 0.982663 0.174416
9.000010 -29.079257 6.455976 -0.311414 -0.048273 -0.037831 0.983639 0.169388
9.033340 -29.133612 6.258215 -0.415868 -0.045161 -0.039258 0.984587 0.164338
9.066670 -29.185857 6.060036 -0.519234 -0.042004 -0.040608 0.985498 0.159313
9.100010 -29.235861 5.861691 -0.620227 -0.038797 -0.041873 0.986372 0.154311
9.133340 -29.285147 5.661696 -0.717875 -0.035516 -0.043060 0.987217 0.149288
9.166680 -29.332574 5.461307 -0.811039 -0.032188 -0.044177 0.988027 0.144273
9.200010 -29.378702 5.260066 -0.898750 -0.028812 -0.045198 0.988805 0.139251
9.233340 -29.422557 5.058823 -0.979901 -0.025411 -0.046137 0.989546 0.134253
9.266680 -29.465500 4.856383 -1.053856 -0.021956 -0.046988 0.990258 0.129228
9.300010 -29.507359 4.653111 -1.119692 -0.018458 -0.047777 0.990939 0.124167
9.333340 -29.547139 4.449624 -1.176624 -0.014946 -0.048450 0.991582 0.119140
9.366680 -29.585552 4.245536 -1.224106 -0.011416 -0.049021 0.992193 0.114105
9.400010 -29.622141 4.041053 -1.261543 -0.007862 -0.049514 0.992769 0.109072
9.433350 -29.656956 3.836285 -1.288587 -0.004300 -0.049877 0.993311 0.104050
9.466680 -29.690323 3.630921 -1.304890 -0.000724 -0.050187 0.993820 0.099012
9.500010 -29.721569 3.425744 -1.310267 0.002848 -0.050351 0.994295 0.093993
9.533350 -29.751691 3.219557 -1.304717 0.006428 -0.050475 0.994736 0.088945
9.566680 -29.780181 3.013062 -1.288272 0.010004 -0.050508 0.995144 0.083893
9.600010 -29.806458 2.806926 -1.261099 0.013563 -0.050394 0.995519 0.078863
9.633350 -29.831680 2.599754 -1.223509 0.017110 -0.050241 0.995860 0.073800
9.666680 -29.855264 2.392344 -1.175922 0.020639 -0.049996 0.996168 0.068731
9.700020 -29.876808 2.184892 -1.118883 0.024148 -0.049618 0.996444 0.063679
9.733350 -29.897104 1.976980 -1.052949 0.027617 -0.049191 0.996686 0.058597
9.766680 -29.915766 1.768838 -0.978876 0.031056 -0.048674 0.996897 0.053508
9.800020 -29.932537 1.560686 -0.897537 0.034455 -0.048037 0.997076 0.048430
9.833350 -29.947907 1.352177 -0.809697 0.037804 -0.047343 0.997222 0.043324
9.866680 -29.961639 1.143506 -0.716383 0.041110 -0.046563 0.997337 0.038210
9.900020 -29.973740 0.934635 -0.618584 0.044364 -0.045698 0.997421 0.033087
9.933350 -29.984122 0.725938 -0.517570 0.047550 -0.044722 0.997475 0.027973
9.966690 -29.992933 0.516896 -0.414109 0.050679 -0.043690 0.997498 0.022830
10.000000 -30.000088 0.307954 -0.309603 0.053744 -0.042581 0.997490 0.017683
10.033400 -30.005798 0.098536 -0.205000 0.056731 -0.041366 0.997454 0.012522
10.066700 -30.009653 -0.110405 -0.101676 0.059646 -0.040103 0.997387 0.007356
10.100000 -30.011900 -0.319357 -0.000631 0.062486 -0.038767 0.997290 0.002183
10.133400 -30.012741 -0.529241 0.097128 0.065241 -0.037332 0.997166 -0.003019
10.166700 -30.011675 -0.738131 0.190330 0.067909 -0.035856 0.997013 -0.008213
10.200000 -30.008981 -0.946953 0.278064 0.070492 -0.034314 0.996832 -0.013416
10.233400 -30.004667 -1.156362 0.359594 0.072989 -0.032704 0.996622 -0.018644
10.266700 -29.998888 -1.365615 0.433360 0.075372 -0.031015 0.996387 -0.023876
10.300000 -29.991263 -1.574130 0.499194 0.077662 -0.029290 0.996124 -0.029108
10.333400 -29.981981 -1.783114 0.556340 0.079860 -0.027505 0.995834 -0.034364
10.366700 -29.971093 -1.991293 0.603831 0.081946 -0.025674 0.995518 -0.039613
10.400000 -29.958634 -2.200108 0.641143 0.083915 -0.023770 0.995178 -0.044886
10.433400 -29.944415 -2.408518 0.668304 0.085783 -0.021839 0.994810 -0.050168
10.466700 -29.928607 -2.616057 0.684672 0.087536 -0.019871 0.994419 -0.055441
10.500000 -29.911174 -2.823327 0.690168 0.089175 -0.017863 0.994003 -0.060721
10.533400 -29.891968 -3.031502 0.684591 0.090693 -0.015786 0.993561 -0.066043
10.566700 -29.871259 -3.238188 0.668241 0.092090 -0.013712 0.993097 -0.071337
10.600000 -29.848963 -3.444526 0.641179 0.093371 -0.011607 0.992610 -0.076634
10.633400 -29.825131 -3.651622 0.603450 0.094539 -0.009471 0.992096 -0.081962
10.666700 -29.799551 -3.857247 0.555981 0.095570 -0.007321 0.991563 -0.087271
10.700000 -29.772346 -4.062467 0.499043 0.096477 -0.005152 0.991007 -0.092584
10.733400 -29.743910 -4.268051 0.432991 0.097268 -0.003001 0.990425 -0.097916
10.766700 -29.713493 -4.472397 0.359056 0.097918 -0.000809 0.989825 -0.103235
10.800000 -29.681472 -4.676287 0.277802 0.098440 0.001390 0.989203 -0.108556
10.833400 -29.648389 -4.880542 0.189828 0.098835 0.003536 0.988559 -0.113889
10.866700 -29.613180 -5.083407 0.096668 0.099097 0.005738 0.987894 -0.119211
10.900000 -29.576859 -5.286137 -0.000919 0.099233 0.007875 0.987210 -0.124531
10.933400 -29.538365 -5.488517 -0.102209 0.099235 0.010071 0.986502 -0.129868
10.966700 -29.498725 -5.690452 -0.205448 0.099117 0.012190 0.985774 -0.135189
11.000000 -29.457182 -5.891062 -0.309850 0.098863 0.014354 0.985027 -0.140506
11.033400 -29.414076 -6.092541 -0.414553 0.098495 0.016451 0.984255 -0.145842
11.066700 -29.369375 -6.291910 -0.517807 0.097981 0.018572 0.983467 -0.151153
11.100000 -29.323095 -6.490608 -0.618785 0.097337 0.020668 0.982659 -0.156460
11.133400 -29.275148 -6.689484 -0.716635 0.096582 0.022704 0.981826 -0.161785
11.166700 -29.225706 -6.887188 -0.809799 0.095694 0.024732 0.980976 -0.167084
11.200000 -29.174728 -7.083773 -0.897471 0.094670 0.026730 0.980107 -0.172373
11.233400 -29.122023 -7.280185 -0.978947 0.093519 0.028692 0.979215 -0.177675
11.266700 -29.067908 -7.474694 -1.052823 0.092246 0.030613 0.978306 -0.182948
11.300000 -29.012299 -7.668795 -1.118597 0.090855 0.032484 0.977377 -0.188212
11.333400 -28.955032 -7.861970 -1.175669 0.089313 0.034336 0.976427 -0.193479
11.366700 -28.896350 -8.054478 -1.223100 0.087692 0.036099 0.975457 -0.198724
11.400000 -28.836145 -8.246121 -1.260541 0.085958 0.037807 0.974466 -0.203958
11.433400 -28.774240 -8.437450 -1.287648 0.084109 0.039460 0.973450 -0.209196
11.466700 -28.711020 -8.627302 -1.303962 0.082158 0.041046 0.972417 -0.214407
11.500000 -28.646538 -8.815668 -1.309421 0.080073 0.042599 0.971365 -0.219598
11.533400 -28.580130 -9.004171 -1.303895 0.077907 0.044057 0.970286 -0.224797
11.566700 -28.512433 -9.191139 -1.287494 0.075650 0.045441 0.969189 -0.229967
11.600000 -28.443262 -9.377118 -1.260399 0.073297 0.046752 0.968070 -0.235123
11.633400 -28.372447 -9.562557 -1.222783 0.070842 0.047994 0.966925 -0.240278
11.666700 -28.300384 -9.746502 -1.175273 0.068311 0.049156 0.965760 -0.245406
11.700000 -28.226831 -9.929383 -1.118294 0.065688 0.050235 0.964574 -0.250516
11.733400 -28.151777 -10.111743 -1.052297 0.062962 0.051254 0.963363 -0.255620
11.766700 -28.075394 -10.292466 -0.978325 0.060187 0.052170 0.962129 -0.260699
11.800000 -27.997546 -10.472064 -0.897038 0.057329 0.052997 0.960873 -0.265760
11.833400 -27.918295 -10.651010 -0.809105 0.054378 0.053759 0.959590 -0.270812
11.866700 -27.837659 -10.828324 -0.715911 0.051390 0.054411 0.958286 -0.275838
11.900000 -27.755721 -11.004401 -0.618296 0.048322 0.054981 0.956958 -0.280844
11.933400 -27.672038 -11.179871 -0.516972 0.045206 0.055454 0.955600 -0.285851
11.966700 -27.587323 -11.353534 -0.413712 0.042030 0.055842 0.954221 -0.290822
12.000000 -27.501112 -11.526025 -0.309276 0.038817 0.056126 0.952816 -0.295779
12.033400 -27.413445 -11.697419 -0.204525 0.035531 0.056330 0.951381 -0.300730
12.066700 -27.324563 -11.867096 -0.101230 0.032218 0.056437 0.949923 -0.305653
12.100000 -27.234374 -12.035481 -0.000188 0.028875 0.056436 0.948438 -0.310558
12.133400 -27.142462 -12.203080 0.097736 0.025484 0.056354 0.946919 -0.315465
12.166700 -27.049538 -12.369083 0.190911 0.022089 0.056160 0.945379 -0.320337
12.200000 -26.955104 -12.533579 0.278612 0.018660 0.055891 0.943807 -0.325202
12.233400 -26.859263 -12.697367 0.360124 0.015217 0.055502 0.942206 -0.330055
12.266700 -26.762112 -12.859187 0.434060 0.011761 0.055042 0.940574 -0.334891
12.300100 -26.663663 -13.020189 0.500057 0.008298 0.054460 0.938915 -0.339712
12.333400 -26.563994 -13.179229 0.556990 0.004839 0.053806 0.937226 -0.344513
12.366700 -26.463286 -13.336905 0.604456 0.001386 0.053034 0.935511 -0.349290
12.400100 -26.361028 -13.493610 0.642030 -0.002062 0.052170 0.933763 -0.354064
12.433400 -26.257737 -13.648609 0.669030 -0.005478 0.051218 0.931990 -0.358806
12.466700 -26.153296 -13.801912 0.685378 -0.008893 0.050169 0.930185 -0.363538
12.500100 -26.047337 -13.954187 0.690851 -0.012293 0.049028 0.928345 -0.368268
12.533400 -25.940544 -14.104738 0.685320 -0.015641 0.047785 0.926482 -0.372965
12.566700 -25.832483 -14.253520 0.668950 -0.018977 0.046471 0.924585 -0.377655
12.600100 -25.722908 -14.401199 0.641789 -0.022289 0.045067 0.922651 -0.382345
12.633400 -25.612491 -14.546875 0.604296 -0.025552 0.043583 0.920691 -0.387009
12.666700 -25.501137 -14.691230 0.556804 -0.028759 0.041988 0.918704 -0.391655
12.700100 -25.388084 -14.834177 0.499670 -0.031938 0.040341 0.916674 -0.396309
12.733400 -25.274229 -14.975084 0.433850 -0.035058 0.038618 0.914619 -0.400938
12.766700 -25.159252 -15.114369 0.359909 -0.038123 0.036821 0.912532 -0.405556
12.800100 -25.042815 -15.252428 0.278400 -0.041135 0.034947 0.910407 -0.410177
12.833400 -24.925473 -15.388824 0.190687 -0.044068 0.033008 0.908257 -0.414774
12.866700 -24.807437 -15.523931 0.097490 -0.046928 0.030969 0.906080 -0.419354
12.900100 -24.687748 -15.657016 -0.000419 -0.049728 0.028900 0.903859 -0.423947
12.933400 -24.567354 -15.787998 -0.101416 -0.052449 0.026773 0.901612 -0.428519
12.966700 -24.445919 -15.917270 -0.204683 -0.055091 0.024588 0.899333 -0.433083
13.000100 -24.322968 -16.045470 -0.309414 -0.057656 0.022339 0.897016 -0.437652
13.033400 -24.199454 -16.171350 -0.413818 -0.060129 0.020050 0.894674 -0.442201
13.066700 -24.074941 -16.295479 -0.517080 -0.062512 0.017714 0.892300 -0.446743
13.100100 -23.949051 -16.418201 -0.618366 -0.064810 0.015327 0.889888 -0.451293
13.133400 -23.823108 -16.539939 -0.716019 -0.067001 0.012867 0.887458 -0.455811
13.166700 -23.695710 -16.658708 -0.809174 -0.069093 0.010416 0.884992 -0.460334
13.200100 -23.566959 -16.776003 -0.897115 -0.071097 0.007921 0.882487 -0.464865
13.233400 -23.437653 -16.891119 -0.978356 -0.072992 0.005405 0.879959 -0.469377
13.266700 -23.307412 -17.004392 -1.052279 -0.074782 0.002863 0.877402 -0.473884
13.300100 -23.175850 -17.116135 -1.118259 -0.076470 0.000294 0.874807 -0.478398
13.333400 -23.043774 -17.225673 -1.175181 -0.078043 -0.002285 0.872191 -0.482894
13.366700 -22.910806 -17.333328 -1.222628 -0.079504 -0.004877 0.869546 -0.487386
13.400100 -22.776751 -17.439543 -1.260138 -0.080852 -0.007506 0.866869 -0.491879
13.433400 -22.642131 -17.543475 -1.287170 -0.082078 -0.010111 0.864168 -0.496361
13.466700 -22.506666 -17.645493 -1.303508 0.083193 0.012718 -0.861438 0.500840
13.500100 -22.369959 -17.745894 -1.308972 0.084192 0.015330 -0.858673 0.505328
13.533400 -22.232870 -17.844072 -1.303471 0.085071 0.017925 -0.855890 0.509798
13.566700 -22.094735 -17.940318 -1.287017 0.085800 0.020530 -0.853086 0.514259
13.600100 -21.955127 -18.035513 -1.259903 0.086429 0.023109 -0.850241 0.518735
13.633400 -21.815644 -18.127960 -1.222415 0.086949 0.025658 -0.847381 0.523189
13.666700 -21.675453 -18.218347 -1.174931 0.087351 0.028184 -0.844496 0.527638
13.700100 -21.534327 -18.307190 -1.117782 0.087619 0.030698 -0.841587 0.532083
13.733400 -21.392711 -18.393621 -1.051963 0.087771 0.033165 -0.838656 0.536519
13.766700 -21.250369 -18.478044 -0.978014 0.087811 0.035598 -0.835700 0.540950
13.800100 -21.107052 -18.560849 -0.896482 0.087681 0.038041 -0.832722 0.545379
13.833400 -20.963343 -18.641274 -0.808775 0.087477 0.040389 -0.829723 0.549796
13.866700 -20.818806 -18.719948 -0.715640 0.087149 0.042700 -0.826704 0.554205
13.900100 -20.673598 -18.796931 -0.617666 0.086675 0.044998 -0.823662 0.558608
13.933400 -20.527942 -18.871281 -0.516659 0.086118 0.047197 -0.820602 0.563000
13.966700 -20.381681 -18.943587 -0.413380 0.085445 0.049339 -0.817521 0.567384
14.000100 -20.232865 -19.015005 -0.308595 0.084636 0.051437 -0.814399 0.571792
14.033400 -20.085363 -19.083193 -0.204175 0.083738 0.053453 -0.811280 0.576156
14.066700 -19.937312 -19.149321 -0.100900 0.082727 0.055400 -0.808143 0.580510
14.100100 -19.786206 -19.214630 0.000353 0.081609 0.057255 -0.804957 0.584899
14.133400 -19.637024 -19.276602 0.097963 0.080381 0.059056 -0.801784 0.589231
14.166700 -19.487338 -19.336488 0.191124 0.079047 0.060781 -0.798595 0.593551
14.200100 -19.335820 -19.394356 0.279066 0.077612 0.062401 -0.795366 0.597892
14.233400 -19.185145 -19.450023 0.360312 0.076075 0.063963 -0.792146 0.602184
14.266700 -19.034012 -19.503578 0.434240 0.074437 0.065439 -0.788909 0.606464
14.300100 -18.881983 -19.555171 0.500226 0.072698 0.066831 -0.785648 0.610742
14.333400 -18.730124 -19.604200 0.557179 0.070864 0.068133 -0.782374 0.615002
14.366700 -18.577720 -19.651367 0.604639 0.068952 0.069340 -0.779093 0.619235
14.400100 -18.424464 -19.696533 0.642205 0.066943 0.070450 -0.775788 0.623465
14.433400 -18.271282 -19.739451 0.669228 0.064859 0.071458 -0.772479 0.627665
14.466700 -18.117753 -19.780196 0.685569 0.062693 0.072368 -0.769156 0.631848
14.500100 -17.963400 -19.818862 0.691037 0.060433 0.073185 -0.765803 0.636033
14.533400 -17.809206 -19.855300 0.685538 0.058114 0.073894 -0.762453 0.640178
14.566700 -17.655187 -19.889562 0.669177 0.055732 0.074499 -0.759093 0.644299
14.600100 -17.499961 -19.921791 0.642010 0.053273 0.075001 -0.755708 0.648416
14.633400 -17.344966 -19.951741 0.604511 0.050757 0.075395 -0.752320 0.652499
14.666700 -17.189664 -19.979522 0.557024 0.048180 0.075687 -0.748913 0.656567
14.700100 -17.033665 -20.005231 0.499883 0.045540 0.075864 -0.745490 0.660617
14.733400 -16.878389 -20.028749 0.434057 0.042864 0.075933 -0.742068 0.664629
14.766800 -16.722239 -20.050283 0.359868 0.040133 0.075899 -0.738618 0.668635
14.800100 -16.566114 -20.069389 0.278577 0.037361 0.075745 -0.735169 0.672602
14.833400 -16.409815 -20.086314 0.190862 0.034550 0.075480 -0.731706 0.676546
14.866800 -16.253040 -20.101415 0.097383 0.031706 0.075113 -0.728220 0.680477
14.900100 -16.096472 -20.114005 -0.000259 0.028829 0.074628 -0.724733 0.684369
14.933400 -15.939820 -20.124428 -0.101283 0.025927 0.074031 -0.721232 0.688238
14.966800 -15.782632 -20.132946 -0.204886 0.023003 0.073328 -0.717709 0.692089
15.000100 -15.625766 -20.139034 -0.309331 0.020060 0.072512 -0.714184 0.695903
15.033400 -15.469040 -20.143469 -0.413839 0.017104 0.071595 -0.710651 0.699683
15.066800 -15.311788 -20.145469 -0.517497 0.014126 0.070563 -0.707092 0.703450
15.100100 -15.154690 -20.144793 -0.618465 0.011162 0.069410 -0.703522 0.707187
15.133400 -14.997618 -20.142079 -0.716089 0.008193 0.068159 -0.699939 0.710896
15.166800 -14.840084 -20.137242 -0.809537 0.005213 0.066797 -0.696331 0.714587
15.200100 -14.683021 -20.130162 -0.897228 0.002258 0.065340 -0.692718 0.718239
15.233400 -14.526165 -20.120833 -0.978497 -0.000690 0.063778 -0.689083 0.721871
15.266800 -14.369089 -20.109227 -1.052646 -0.003618 0.062113 -0.685430 0.725475
15.300100 -14.212371 -20.095560 -1.118444 -0.006522 0.060359 -0.681764 0.729049
15.333400 -14.055556 -20.079714 -1.175389 -0.009399 0.058507 -0.678086 0.732590
15.366800 -13.898367 -20.061634 -1.222992 -0.012253 0.056557 -0.674381 0.736113
15.400100 -13.742246 -20.041336 -1.260443 -0.015048 0.054521 -0.670668 0.739598
15.433400 -13.585798 -20.018941 -1.287498 -0.017822 0.052396 -0.666937 0.743055
15.466800 -13.429028 -19.994299 -1.303891 -0.020559 0.050182 -0.663179 0.746493
15.500100 -13.272918 -19.967431 -1.309316 -0.023224 0.047887 -0.659413 0.749894
15.533400 -13.116971 -19.938510 -1.303833 -0.025859 0.045515 -0.655628 0.753267
15.566800 -12.960756 -19.907328 -1.287412 -0.028448 0.043059 -0.651812 0.756622
15.600100 -12.805173 -19.873819 -1.260286 -0.030954 0.040520 -0.647987 0.759943
15.633400 -12.649882 -19.838395 -1.222803 -0.033418 0.037927 -0.644143 0.763233
15.666800 -12.494377 -19.800700 -1.175176 -0.035826 0.035259 -0.640266 0.766507
15.700100 -12.339606 -19.760965 -1.118211 -0.038160 0.032535 -0.636380 0.769744
15.733400 -12.185129 -19.718589 -1.052343 -0.040408 0.029722 -0.632467 0.772961
15.766800 -12.030498 -19.674407 -0.978174 -0.042603 0.026876 -0.628527 0.776155
15.800100 -11.876651 -19.628216 -0.896903 -0.044717 0.023985 -0.624576 0.779314
15.833400 -11.723143 -19.579894 -0.809208 -0.046752 0.021046 -0.620602 0.782448
15.866800 -11.569531 -19.529292 -0.715761 -0.048711 0.018054 -0.616593 0.785566
15.900100 -11.416808 -19.475709 -0.618021 -0.050562 0.014993 -0.612562 0.788661
15.933400 -11.264438 -19.420970 -0.517024 -0.052341 0.011937 -0.608519 0.791721
15.966800 -11.112020 -19.363950 -0.413444 -0.054038 0.008839 -0.604440 0.794767
16.000100 -10.960483 -19.304993 -0.309032 -0.055639 0.005723 -0.600349 0.797780
16.033400 -10.809387 -19.243943 -0.204625 -0.057147 0.002584 -0.596233 0.800770
16.066800 -10.658295 -19.180604 -0.101052 -0.058564 -0.000581 -0.592081 0.803747
16.100100 -10.507893 -19.115317 -0.000064 -0.059882 -0.003751 -0.587916 0.806694
16.133400 -10.358627 -19.046144 0.097731 -0.061093 -0.006975 -0.583709 0.809631
16.166800 -10.209042 -18.976464 0.191158 -0.062210 -0.010167 -0.579483 0.812543
16.200100 -10.060428 -18.904948 0.278828 -0.063228 -0.013352 -0.575245 0.815424
16.233400 -9.912355 -18.831381 0.360069 -0.064144 -0.016532 -0.570983 0.818285
16.266800 -9.764439 -18.755494 0.434219 -0.064959 -0.019713 -0.566683 0.821135
16.300100 -9.617543 -18.677801 0.499996 -0.065668 -0.022871 -0.562371 0.823956
16.333400 -9.471240 -18.598081 0.556925 -0.066274 -0.026012 -0.558036 0.826757
16.366800 -9.326692 -18.512380 0.604900 -0.066769 -0.029204 -0.553631 0.829567
16.400100 -9.181768 -18.428475 0.642375 -0.067157 -0.032294 -0.549245 0.832332
16.433400 -9.037476 -18.342579 0.669429 -0.067449 -0.035355 -0.544837 0.835077
16.466800 -8.893459 -18.254412 0.685824 -0.067636 -0.038389 -0.540392 0.837812
16.500100 -8.750561 -18.164515 0.691281 -0.067718 -0.041373 -0.535937 0.840520
16.533400 -8.611870 -18.067708 0.686350 -0.067681 -0.044396 -0.531419 0.843233
16.566800 -8.470424 -17.973446 0.669985 -0.067542 -0.047294 -0.526905 0.845915
16.600100 -8.329801 -17.877537 0.642921 -0.067313 -0.050132 -0.522381 0.848571
16.633400 -8.189923 -17.779694 0.605457 -0.066983 -0.052916 -0.517836 0.851210
16.666800 -8.056213 -17.673476 0.558549 -0.066519 -0.055756 -0.513207 0.853865
16.700100 -7.918437 -17.571695 0.501650 -0.065974 -0.058407 -0.508623 0.856469
16.733400 -7.780847 -17.467976 0.435859 -0.065346 -0.060992 -0.504014 0.859058
16.766800 -7.643639 -17.362046 0.361711 -0.064618 -0.063510 -0.499371 0.861638
16.800100 -7.511028 -17.252359 0.280727 -0.063770 -0.066015 -0.494682 0.864213
16.833400 -7.375953 -17.142959 0.193056 -0.062850 -0.068366 -0.490018 0.866752
16.866800 -7.241316 -17.031362 0.099631 -0.061840 -0.070639 -0.485320 0.869281
16.900100 -7.104970 -16.921842 0.001637 -0.060746 -0.072784 -0.480602 0.871799
16.933400 -6.972420 -16.806916 -0.099347 -0.059560 -0.074877 -0.475884 0.874288
16.966800 -6.840134 -16.689924 -0.202923 -0.058285 -0.076874 -0.471137 0.876769
17.000100 -6.702881 -16.576826 -0.307906 -0.056964 -0.078671 -0.466404 0.879223
17.033400 -6.572844 -16.456620 -0.412314 -0.055532 -0.080475 -0.461640 0.881662
17.066700 -6.443712 -16.334678 -0.515597 -0.054015 -0.082172 -0.456863 0.884085
17.100100 -6.308893 -16.215856 -0.617391 -0.052462 -0.083654 -0.452103 0.886484
17.133400 -6.181494 -16.090478 -0.714994 -0.050804 -0.085141 -0.447300 0.888871
17.166700 -6.055060 -15.963357 -0.808146 -0.049073 -0.086516 -0.442486 0.891242
17.200100 -5.925776 -15.838171 -0.896480 -0.047295 -0.087698 -0.437698 0.893584
17.233400 -5.801200 -15.707722 -0.977725 -0.045439 -0.088851 -0.432864 0.895918
17.266700 -5.677636 -15.575561 -1.051650 -0.043518 -0.089886 -0.428017 0.898236
17.300100 -5.554727 -15.441305 -1.117632 -0.041533 -0.090804 -0.423148 0.900542
17.333400 -5.433405 -15.309171 -1.174840 -0.039467 -0.091551 -0.418338 0.902803
17.366700 -5.312962 -15.172086 -1.222299 -0.037385 -0.092229 -0.413465 0.905065
17.400100 -5.193245 -15.032912 -1.259863 -0.035245 -0.092782 -0.408571 0.907314
17.433400 -5.074964 -14.892524 -1.286899 -0.033072 -0.093211 -0.403685 0.909536
17.466700 -4.957734 -14.750567 -1.303242 -0.030859 -0.093518 -0.398795 0.911737
17.500100 -4.841257 -14.606579 -1.308709 -0.028603 -0.093701 -0.393885 0.913924
17.533400 -4.726242 -14.461440 -1.303210 -0.026322 -0.093759 -0.388985 0.916082
17.566700 -4.612369 -14.314715 -1.286832 -0.024010 -0.093692 -0.384086 0.918217
17.600100 -4.500023 -14.165085 -1.259476 -0.021678 -0.093517 -0.379172 0.920333
17.633400 -4.388424 -14.015236 -1.221970 -0.019324 -0.093201 -0.374262 0.922425
17.666700 -4.278000 -13.863907 -1.174479 -0.016951 -0.092759 -0.369350 0.924494
17.700100 -4.168409 -13.710568 -1.117337 -0.014559 -0.092191 -0.364422 0.926545
17.733400 -4.061128 -13.554885 -1.051391 -0.012158 -0.091537 -0.359498 0.928566
17.766700 -3.954300 -13.399062 -0.977434 -0.009757 -0.090721 -0.354581 0.930563
17.800100 -3.848372 -13.241311 -0.895908 -0.007347 -0.089780 -0.349648 0.932540
17.833400 -3.744688 -13.080701 -0.808056 -0.004951 -0.088769 -0.344711 0.934489
17.866700 -3.641576 -12.920507 -0.714872 -0.002555 -0.087585 -0.339792 0.936410
17.900100 -3.539408 -12.758426 -0.616944 -0.000163 -0.086281 -0.334859 0.938310
17.933400 -3.439442 -12.593495 -0.515788 0.002197 -0.084905 -0.329921 0.940180
17.966700 -3.340145 -12.429082 -0.412497 0.004553 -0.083367 -0.325002 0.942021
18.000100 -3.241835 -12.262826 -0.307750 0.006892 -0.081712 -0.320070 0.943838
18.033400 -3.145732 -12.094020 -0.203168 0.009184 -0.079981 -0.315137 0.945625
18.066700 -3.050345 -11.925556 -0.099876 0.011465 -0.078104 -0.310220 0.947382
18.100100 -2.956699 -11.753979 0.001626 0.013703 -0.076139 -0.305280 0.949115
18.133400 -2.863987 -11.582899 0.099266 0.015914 -0.074051 -0.300365 0.950812
18.166700 -2.773733 -11.409787 0.192690 0.018076 -0.071876 -0.295447 0.952480
18.200100 -2.683492 -11.235672 0.280678 0.020211 -0.069577 -0.290518 0.954122
18.233400 -2.596808 -11.060816 0.362275 0.022293 -0.067204 -0.285605 0.955728
18.266700 -2.509718 -10.884896 0.436265 0.024327 -0.064717 -0.280693 0.957304
18.300100 -2.427104 -10.707926 0.502678 0.026317 -0.062167 -0.275772 0.958850
18.333400 -2.342776 -10.529641 0.559661 0.028241 -0.059508 -0.270861 0.960362
18.366700 -2.259845 -10.350215 0.607174 0.030106 -0.056764 -0.265948 0.961844
18.400100 -2.180930 -10.169994 0.645051 0.031914 -0.053966 -0.261026 0.963294
18.433400 -2.100942 -9.988398 0.672154 0.033653 -0.051066 -0.256112 0.964711
18.466700 -2.022357 -9.805731 0.688560 0.035325 -0.048096 -0.251197 0.966095
18.500100 -1.944815 -9.621574 0.694050 0.036932 -0.045066 -0.246261 0.967451
18.533400 -1.869656 -9.436956 0.688663 0.038463 -0.041960 -0.241346 0.968768
18.566700 -1.795400 -9.251187 0.672354 0.039918 -0.038792 -0.236425 0.970054
18.600100 -1.721517 -9.063818 0.645184 0.041308 -0.035556 -0.231485 0.971310
18.633400 -1.650132 -8.876074 0.607746 0.042606 -0.032277 -0.226559 0.972530
18.666700 -1.580184 -8.687388 0.560320 0.043822 -0.028949 -0.221629 0.973716
18.700100 -1.511480 -8.497212 0.503240 0.044960 -0.025568 -0.216681 0.974871
18.733400 -1.443139 -8.306476 0.437396 0.046017 -0.022140 -0.211741 0.975991
18.766700 -1.377599 -8.115029 0.363499 0.046979 -0.018696 -0.206798 0.977076
18.800100 -1.313262 -7.922061 0.282028 0.047856 -0.015210 -0.201835 0.978131
18.833400 -1.250608 -7.728874 0.194368 0.048641 -0.011709 -0.196881 0.979150
18.866700 -1.189449 -7.534840 0.101244 0.049337 -0.008187 -0.191921 0.980135
18.900100 -1.129590 -7.339416 0.003374 0.049943 -0.004640 -0.186939 0.981090
18.933400 -1.069721 -7.143517 -0.097654 0.050459 -0.001070 -0.181964 0.982009
18.966700 -1.013188 -6.947133 -0.200883 0.050880 0.002480 -0.176982 0.982895
19.000100 -0.957938 -6.749322 -0.305576 0.051209 0.006043 -0.171976 0.983751
19.033400 -0.904303 -6.551424 -0.409949 0.051443 0.009594 -0.166977 0.984571
19.066700 -0.852219 -6.352816 -0.513179 0.051585 0.013135 -0.161968 0.985359
19.100100 -0.801493 -6.152928 -0.614436 0.051633 0.016674 -0.156935 0.986117
19.133400 -0.752455 -5.952974 -0.712006 0.051588 0.020184 -0.151906 0.986841
19.166700 -0.702754 -5.752089 -0.805235 0.051453 0.023689 -0.146865 0.987533
19.200100 -0.656812 -5.550365 -0.893170 0.051227 0.027153 -0.141798 0.988196
19.233400 -0.612533 -5.348666 -0.974380 0.050907 0.030579 -0.136737 0.988826
19.266700 -0.569839 -5.146383 -1.048272 0.050496 0.033968 -0.131666 0.989424
19.300000 -0.528695 -4.943508 -1.114042 0.049995 0.037315 -0.126583 0.989992
19.333400 -0.489003 -4.739521 -1.171128 0.049403 0.040624 -0.121472 0.990532
19.366700 -0.448591 -4.535861 -1.218760 0.048741 0.043889 -0.116352 0.991040
19.400000 -0.412314 -4.331480 -1.256198 0.047975 0.047078 -0.111233 0.991519
19.433400 -0.377524 -4.126030 -1.283305 0.047123 0.050218 -0.106087 0.991969
19.466700 -0.344391 -3.920839 -1.299641 0.046194 0.053287 -0.100943 0.992390
19.500000 -0.312826 -3.715226 -1.305089 0.045180 0.056289 -0.095787 0.992781
19.533400 -0.280363 -3.509458 -1.299831 0.044110 0.059252 -0.090584 0.993146
19.566700 -0.252128 -3.303038 -1.283435 0.042937 0.062102 -0.085405 0.993482
19.600000 -0.225495 -3.096280 -1.256345 0.041689 0.064875 -0.080215 0.993790
19.633400 -0.200410 -2.888579 -1.218730 0.040363 0.067570 -0.074997 0.994073
19.666700 -0.175941 -2.681745 -1.171320 0.038974 0.070183 -0.069773 0.994327
19.700000 -0.154132 -2.474116 -1.114350 0.037512 0.072691 -0.064547 0.994556
19.733400 -0.133897 -2.265609 -1.048324 0.035980 0.075112 -0.059293 0.994760
19.766700 -0.114383 -2.058609 -0.974488 0.034390 0.077458 -0.054036 0.994936
19.800000 -0.097441 -1.850320 -0.893210 0.032739 0.079673 -0.048776 0.995089
19.833400 -0.082085 -1.641222 -0.805233 0.031025 0.081790 -0.043490 0.995217
19.866700 -0.068138 -1.432709 -0.712085 0.029247 0.083808 -0.038213 0.995319
19.900000 -0.056103 -1.223930 -0.614450 0.027432 0.085705 -0.032923 0.995398
19.933400 -0.045659 -1.014408 -0.513127 0.025563 0.087492 -0.027608 0.995454
19.966700 -0.036622 -0.805529 -0.409889 0.023644 0.089166 -0.022306 0.995486